Linux 7.0.0-22-generic (ms-a2-gateway) 	06/07/2026 	_x86_64_	(32 CPU)

04:46:18 PM  CPU    %usr   %nice    %sys %iowait    %irq   %soft  %steal  %guest  %gnice   %idle
04:46:19 PM  all    1.05    0.00    5.79    0.00    0.00    5.88    0.00    0.00    0.00   87.28
04:46:19 PM    0    0.00    0.00    2.04    0.00    0.00    0.00    0.00    0.00    0.00   97.96
04:46:19 PM    1    1.01    0.00    9.09    0.00    0.00    0.00    0.00    0.00    0.00   89.90
04:46:19 PM    2    1.02    0.00   10.20    0.00    0.00    0.00    0.00    0.00    0.00   88.78
04:46:19 PM    3    0.00    0.00    3.00    0.00    0.00    0.00    0.00    0.00    0.00   97.00
04:46:19 PM    4    1.01    0.00    6.06    0.00    0.00    0.00    0.00    0.00    0.00   92.93
04:46:19 PM    5    1.01    0.00    4.04    0.00    0.00    0.00    0.00    0.00    0.00   94.95
04:46:19 PM    6    0.00    0.00    1.00    0.00    0.00    0.00    0.00    0.00    0.00   99.00
04:46:19 PM    7    0.00    0.00    1.98    0.00    0.00    0.00    0.00    0.00    0.00   98.02
04:46:19 PM    8    1.98    0.00    0.00    0.00    0.00   98.02    0.00    0.00    0.00    0.00
04:46:19 PM    9    2.44    0.00   12.20    0.00    0.00    0.00    0.00    0.00    0.00   85.37
04:46:19 PM   10    2.41    0.00   12.05    0.00    0.00    0.00    0.00    0.00    0.00   85.54
04:46:19 PM   11    2.44    0.00    9.76    0.00    0.00    0.00    0.00    0.00    0.00   87.80
04:46:19 PM   12    1.19    0.00   11.90    0.00    0.00    0.00    0.00    0.00    0.00   86.90
04:46:19 PM   13    2.38    0.00   11.90    0.00    0.00    0.00    0.00    0.00    0.00   85.71
04:46:19 PM   14    1.15    0.00   10.34    0.00    0.00    0.00    0.00    0.00    0.00   88.51
04:46:19 PM   15    1.22    0.00    9.76    0.00    0.00    0.00    0.00    0.00    0.00   89.02
04:46:19 PM   16    5.00    0.00   29.00    0.00    0.00    3.00    0.00    0.00    0.00   63.00
04:46:19 PM   17    0.00    0.00    0.00    0.00    0.00    0.00    0.00    0.00    0.00  100.00
04:46:19 PM   18    0.00    0.00    0.00    0.00    0.00    0.00    0.00    0.00    0.00  100.00
04:46:19 PM   19    0.00    0.00    0.00    0.00    0.00    0.00    0.00    0.00    0.00  100.00
04:46:19 PM   20    0.00    0.00    0.00    0.00    0.00    0.00    0.00    0.00    0.00  100.00
04:46:19 PM   21    0.00    0.00    1.01    0.00    0.00    0.00    0.00    0.00    0.00   98.99
04:46:19 PM   22    1.01    0.00    3.03    0.00    0.00   18.18    0.00    0.00    0.00   77.78
04:46:19 PM   23    0.00    0.00    5.21    0.00    0.00   17.71    0.00    0.00    0.00   77.08
04:46:19 PM   24    0.00    0.00    0.00    0.00    0.00   22.35    0.00    0.00    0.00   77.65
04:46:19 PM   25    4.04    0.00   12.12    0.00    0.00   23.23    0.00    0.00    0.00   60.61
04:46:19 PM   26    0.99    0.00    8.91    0.00    0.00    0.99    0.00    0.00    0.00   89.11
04:46:19 PM   27    2.00    0.00    9.00    0.00    0.00    0.00    0.00    0.00    0.00   89.00
04:46:19 PM   28    0.99    0.00    1.98    0.00    0.00    0.00    0.00    0.00    0.00   97.03
04:46:19 PM   29    1.00    0.00    5.00    0.00    0.00    0.00    0.00    0.00    0.00   94.00
04:46:19 PM   30    0.00    0.00    0.00    0.00    0.00    0.00    0.00    0.00    0.00  100.00
04:46:19 PM   31    0.00    0.00    0.00    0.00    0.00    0.00    0.00    0.00    0.00  100.00

04:46:19 PM  CPU    %usr   %nice    %sys %iowait    %irq   %soft  %steal  %guest  %gnice   %idle
04:46:20 PM  all    1.17    0.00    5.90    0.00    0.00    6.10    0.00    0.00    0.00   86.84
04:46:20 PM    0    0.00    0.00    4.08    0.00    0.00    0.00    0.00    0.00    0.00   95.92
04:46:20 PM    1    1.01    0.00    9.09    0.00    0.00    0.00    0.00    0.00    0.00   89.90
04:46:20 PM    2    1.03    0.00    9.28    0.00    0.00    0.00    0.00    0.00    0.00   89.69
04:46:20 PM    3    1.00    0.00    3.00    0.00    0.00    0.00    0.00    0.00    0.00   96.00
04:46:20 PM    4    0.99    0.00   12.87    0.00    0.00    0.99    0.00    0.00    0.00   85.15
04:46:20 PM    5    0.00    0.00    4.00    0.00    0.00    0.00    0.00    0.00    0.00   96.00
04:46:20 PM    6    0.00    0.00    0.00    0.00    0.00    0.00    0.00    0.00    0.00  100.00
04:46:20 PM    7    0.00    0.00    0.00    0.00    0.00    0.00    0.00    0.00    0.00  100.00
04:46:20 PM    8    1.01    0.00    0.00    0.00    0.00   98.99    0.00    0.00    0.00    0.00
04:46:20 PM    9    2.44    0.00   13.41    0.00    0.00    0.00    0.00    0.00    0.00   84.15
04:46:20 PM   10    3.70    0.00   11.11    0.00    0.00    0.00    0.00    0.00    0.00   85.19
04:46:20 PM   11    2.50    0.00   10.00    0.00    0.00    0.00    0.00    0.00    0.00   87.50
04:46:20 PM   12    2.33    0.00   15.12    0.00    0.00    0.00    0.00    0.00    0.00   82.56
04:46:20 PM   13    3.85    0.00   14.10    0.00    0.00    0.00    0.00    0.00    0.00   82.05
04:46:20 PM   14    2.25    0.00    7.87    0.00    0.00    0.00    0.00    0.00    0.00   89.89
04:46:20 PM   15    1.09    0.00    6.52    0.00    0.00    0.00    0.00    0.00    0.00   92.39
04:46:20 PM   16    4.90    0.00   28.43    0.00    0.00    3.92    0.00    0.00    0.00   62.75
04:46:20 PM   17    0.00    0.00    0.00    0.00    0.00    0.00    0.00    0.00    0.00  100.00
04:46:20 PM   18    0.00    0.00    0.00    0.00    0.00    0.00    0.00    0.00    0.00  100.00
04:46:20 PM   19    0.00    0.00    0.00    0.00    0.00    0.00    0.00    0.00    0.00  100.00
04:46:20 PM   20    0.00    0.00    0.00    0.00    0.00    0.00    0.00    0.00    0.00  100.00
04:46:20 PM   21    0.00    0.00    0.00    0.00    0.00    0.00    0.00    0.00    0.00  100.00
04:46:20 PM   22    1.03    0.00    3.09    0.00    0.00   15.46    0.00    0.00    0.00   80.41
04:46:20 PM   23    2.02    0.00    6.06    0.00    0.00   16.16    0.00    0.00    0.00   75.76
04:46:20 PM   24    0.00    0.00    0.00    0.00    0.00   33.67    0.00    0.00    0.00   66.33
04:46:20 PM   25    2.97    0.00   11.88    0.00    0.00   19.80    0.00    0.00    0.00   65.35
04:46:20 PM   26    0.99    0.00    3.96    0.00    0.00    0.00    0.00    0.00    0.00   95.05
04:46:20 PM   27    1.98    0.00    8.91    0.00    0.00    0.99    0.00    0.00    0.00   88.12
04:46:20 PM   28    0.00    0.00    3.96    0.00    0.00    0.00    0.00    0.00    0.00   96.04
04:46:20 PM   29    1.96    0.00    7.84    0.00    0.00    0.00    0.00    0.00    0.00   90.20
04:46:20 PM   30    0.00    0.00    0.00    0.00    0.00    0.00    0.00    0.00    0.00  100.00
04:46:20 PM   31    0.00    0.00    0.00    0.00    0.00    0.00    0.00    0.00    0.00  100.00

04:46:20 PM  CPU    %usr   %nice    %sys %iowait    %irq   %soft  %steal  %guest  %gnice   %idle
04:46:21 PM  all    0.98    0.00    4.98    0.00    0.00    5.44    0.00    0.00    0.00   88.61
04:46:21 PM    0    2.00    0.00    8.00    0.00    0.00    0.00    0.00    0.00    0.00   90.00
04:46:21 PM    1    1.02    0.00    7.14    0.00    0.00    0.00    0.00    0.00    0.00   91.84
04:46:21 PM    2    1.98    0.00    7.92    0.00    0.00    0.00    0.00    0.00    0.00   90.10
04:46:21 PM    3    0.00    0.00    4.04    0.00    0.00    0.00    0.00    0.00    0.00   95.96
04:46:21 PM    4    2.02    0.00    8.08    0.00    0.00    0.00    0.00    0.00    0.00   89.90
04:46:21 PM    5    1.00    0.00    2.00    0.00    0.00    0.00    0.00    0.00    0.00   97.00
04:46:21 PM    6    0.00    0.00    1.00    0.00    0.00    0.00    0.00    0.00    0.00   99.00
04:46:21 PM    7    0.00    0.00    1.00    0.00    0.00    0.00    0.00    0.00    0.00   99.00
04:46:21 PM    8    1.00    0.00    0.00    0.00    0.00   99.00    0.00    0.00    0.00    0.00
04:46:21 PM    9    2.41    0.00   12.05    0.00    0.00    0.00    0.00    0.00    0.00   85.54
04:46:21 PM   10    1.25    0.00   11.25    0.00    0.00    0.00    0.00    0.00    0.00   87.50
04:46:21 PM   11    2.35    0.00   11.76    0.00    0.00    1.18    0.00    0.00    0.00   84.71
04:46:21 PM   12    2.35    0.00   12.94    0.00    0.00    0.00    0.00    0.00    0.00   84.71
04:46:21 PM   13    3.61    0.00   14.46    0.00    0.00    0.00    0.00    0.00    0.00   81.93
04:46:21 PM   14    1.16    0.00    6.98    0.00    0.00    0.00    0.00    0.00    0.00   91.86
04:46:21 PM   15    1.11    0.00    5.56    0.00    0.00    0.00    0.00    0.00    0.00   93.33
04:46:21 PM   16    0.00    0.00    5.00    0.00    0.00    0.00    0.00    0.00    0.00   95.00
04:46:21 PM   17    0.00    0.00    0.00    0.00    0.00    0.00    0.00    0.00    0.00  100.00
04:46:21 PM   18    0.00    0.00    0.00    0.00    0.00    0.00    0.00    0.00    0.00  100.00
04:46:21 PM   19    0.00    0.00    0.00    0.00    0.00    0.00    0.00    0.00    0.00  100.00
04:46:21 PM   20    0.00    0.00    0.00    0.00    0.00    0.00    0.00    0.00    0.00  100.00
04:46:21 PM   21    0.00    0.00    0.00    0.00    0.00    0.00    0.00    0.00    0.00  100.00
04:46:21 PM   22    0.00    0.00    3.12    0.00    0.00   14.58    0.00    0.00    0.00   82.29
04:46:21 PM   23    1.01    0.00    4.04    0.00    0.00   16.16    0.00    0.00    0.00   78.79
04:46:21 PM   24    4.40    0.00   20.88    0.00    0.00   21.98    0.00    0.00    0.00   52.75
04:46:21 PM   25    1.06    0.00    6.38    0.00    0.00   17.02    0.00    0.00    0.00   75.53
04:46:21 PM   26    1.05    0.00    4.21    0.00    0.00    0.00    0.00    0.00    0.00   94.74
04:46:21 PM   27    2.11    0.00    7.37    0.00    0.00    0.00    0.00    0.00    0.00   90.53
04:46:21 PM   28    0.00    0.00    1.04    0.00    0.00    0.00    0.00    0.00    0.00   98.96
04:46:21 PM   29    0.00    0.00    1.00    0.00    0.00    0.00    0.00    0.00    0.00   99.00
04:46:21 PM   30    0.00    0.00    0.00    0.00    0.00    0.00    0.00    0.00    0.00  100.00
04:46:21 PM   31    0.00    0.00    0.00    0.00    0.00    0.00    0.00    0.00    0.00  100.00

04:46:21 PM  CPU    %usr   %nice    %sys %iowait    %irq   %soft  %steal  %guest  %gnice   %idle
04:46:22 PM  all    0.95    0.00    4.80    0.00    0.00    5.16    0.00    0.00    0.00   89.09
04:46:22 PM    0    2.06    0.00    9.28    0.00    0.00    0.00    0.00    0.00    0.00   88.66
04:46:22 PM    1    1.00    0.00    9.00    0.00    0.00    1.00    0.00    0.00    0.00   89.00
04:46:22 PM    2    1.02    0.00    6.12    0.00    0.00    0.00    0.00    0.00    0.00   92.86
04:46:22 PM    3    1.01    0.00    2.02    0.00    0.00    0.00    0.00    0.00    0.00   96.97
04:46:22 PM    4    1.01    0.00    9.09    0.00    0.00    0.00    0.00    0.00    0.00   89.90
04:46:22 PM    5    0.00    0.00    6.12    0.00    0.00    0.00    0.00    0.00    0.00   93.88
04:46:22 PM    6    0.00    0.00    1.01    0.00    0.00    0.00    0.00    0.00    0.00   98.99
04:46:22 PM    7    0.00    0.00    0.00    0.00    0.00    0.00    0.00    0.00    0.00  100.00
04:46:22 PM    8    1.00    0.00    0.00    0.00    0.00   99.00    0.00    0.00    0.00    0.00
04:46:22 PM    9    3.57    0.00   13.10    0.00    0.00    0.00    0.00    0.00    0.00   83.33
04:46:22 PM   10    3.66    0.00   10.98    0.00    0.00    0.00    0.00    0.00    0.00   85.37
04:46:22 PM   11    2.41    0.00    9.64    0.00    0.00    0.00    0.00    0.00    0.00   87.95
04:46:22 PM   12    1.20    0.00   12.05    0.00    0.00    0.00    0.00    0.00    0.00   86.75
04:46:22 PM   13    2.41    0.00   10.84    0.00    0.00    0.00    0.00    0.00    0.00   86.75
04:46:22 PM   14    1.16    0.00    9.30    0.00    0.00    0.00    0.00    0.00    0.00   89.53
04:46:22 PM   15    1.06    0.00    5.32    0.00    0.00    0.00    0.00    0.00    0.00   93.62
04:46:22 PM   16    0.00    0.00    0.00    0.00    0.00    0.00    0.00    0.00    0.00  100.00
04:46:22 PM   17    0.00    0.00    0.00    0.00    0.00    0.00    0.00    0.00    0.00  100.00
04:46:22 PM   18    0.00    0.00    0.00    0.00    0.00    0.00    0.00    0.00    0.00  100.00
04:46:22 PM   19    0.00    0.00    0.00    0.00    0.00    0.00    0.00    0.00    0.00  100.00
04:46:22 PM   20    0.00    0.00    0.99    0.00    0.00    0.00    0.00    0.00    0.00   99.01
04:46:22 PM   21    0.00    0.00    0.00    0.00    0.00    0.00    0.00    0.00    0.00  100.00
04:46:22 PM   22    1.05    0.00    1.05    0.00    0.00   12.63    0.00    0.00    0.00   85.26
04:46:22 PM   23    0.00    0.00    1.08    0.00    0.00   12.90    0.00    0.00    0.00   86.02
04:46:22 PM   24    4.40    0.00   25.27    0.00    0.00   18.68    0.00    0.00    0.00   51.65
04:46:22 PM   25    1.09    0.00    5.43    0.00    0.00   17.39    0.00    0.00    0.00   76.09
04:46:22 PM   26    0.00    0.00    2.06    0.00    0.00    0.00    0.00    0.00    0.00   97.94
04:46:22 PM   27    2.06    0.00    8.25    0.00    0.00    0.00    0.00    0.00    0.00   89.69
04:46:22 PM   28    1.01    0.00    0.00    0.00    0.00    0.00    0.00    0.00    0.00   98.99
04:46:22 PM   29    0.00    0.00    2.11    0.00    0.00    0.00    0.00    0.00    0.00   97.89
04:46:22 PM   30    0.00    0.00    0.00    0.00    0.00    0.00    0.00    0.00    0.00  100.00
04:46:22 PM   31    0.00    0.00    1.03    0.00    0.00    0.00    0.00    0.00    0.00   98.97

04:46:22 PM  CPU    %usr   %nice    %sys %iowait    %irq   %soft  %steal  %guest  %gnice   %idle
04:46:23 PM  all    0.98    0.00    5.11    0.00    0.00    5.34    0.00    0.00    0.00   88.58
04:46:23 PM    0    1.01    0.00   11.11    0.00    0.00    1.01    0.00    0.00    0.00   86.87
04:46:23 PM    1    2.02    0.00    9.09    0.00    0.00    0.00    0.00    0.00    0.00   88.89
04:46:23 PM    2    0.00    0.00    9.28    0.00    0.00    0.00    0.00    0.00    0.00   90.72
04:46:23 PM    3    0.00    0.00    3.00    0.00    0.00    0.00    0.00    0.00    0.00   97.00
04:46:23 PM    4    2.00    0.00    8.00    0.00    0.00    0.00    0.00    0.00    0.00   90.00
04:46:23 PM    5    1.00    0.00    2.00    0.00    0.00    0.00    0.00    0.00    0.00   97.00
04:46:23 PM    6    0.99    0.00    0.99    0.00    0.00    0.00    0.00    0.00    0.00   98.02
04:46:23 PM    7    0.00    0.00    0.00    0.00    0.00    0.00    0.00    0.00    0.00  100.00
04:46:23 PM    8    1.00    0.00    0.00    0.00    0.00   99.00    0.00    0.00    0.00    0.00
04:46:23 PM    9    1.23    0.00   11.11    0.00    0.00    0.00    0.00    0.00    0.00   87.65
04:46:23 PM   10    3.53    0.00   12.94    0.00    0.00    1.18    0.00    0.00    0.00   82.35
04:46:23 PM   11    2.44    0.00   10.98    0.00    0.00    0.00    0.00    0.00    0.00   86.59
04:46:23 PM   12    2.35    0.00   11.76    0.00    0.00    0.00    0.00    0.00    0.00   85.88
04:46:23 PM   13    3.49    0.00   13.95    0.00    0.00    0.00    0.00    0.00    0.00   82.56
04:46:23 PM   14    2.35    0.00   10.59    0.00    0.00    0.00    0.00    0.00    0.00   87.06
04:46:23 PM   15    2.13    0.00    7.45    0.00    0.00    0.00    0.00    0.00    0.00   90.43
04:46:23 PM   16    0.00    0.00    0.00    0.00    0.00    0.00    0.00    0.00    0.00  100.00
04:46:23 PM   17    0.00    0.00    0.00    0.00    0.00    0.00    0.00    0.00    0.00  100.00
04:46:23 PM   18    0.00    0.00    0.00    0.00    0.00    0.00    0.00    0.00    0.00  100.00
04:46:23 PM   19    0.00    0.00    0.00    0.00    0.00    0.00    0.00    0.00    0.00  100.00
04:46:23 PM   20    0.00    0.00    0.00    0.00    0.00    0.00    0.00    0.00    0.00  100.00
04:46:23 PM   21    0.00    0.00    0.00    0.00    0.00    0.00    0.00    0.00    0.00  100.00
04:46:23 PM   22    0.00    0.00    1.06    0.00    0.00   13.83    0.00    0.00    0.00   85.11
04:46:23 PM   23    0.00    0.00    2.06    0.00    0.00   15.46    0.00    0.00    0.00   82.47
04:46:23 PM   24    4.30    0.00   25.81    0.00    0.00   20.43    0.00    0.00    0.00   49.46
04:46:23 PM   25    1.08    0.00    3.23    0.00    0.00   16.13    0.00    0.00    0.00   79.57
04:46:23 PM   26    0.00    0.00    4.26    0.00    0.00    0.00    0.00    0.00    0.00   95.74
04:46:23 PM   27    1.02    0.00    7.14    0.00    0.00    0.00    0.00    0.00    0.00   91.84
04:46:23 PM   28    0.00    0.00    1.01    0.00    0.00    0.00    0.00    0.00    0.00   98.99
04:46:23 PM   29    1.05    0.00    3.16    0.00    0.00    0.00    0.00    0.00    0.00   95.79
04:46:23 PM   30    0.00    0.00    1.02    0.00    0.00    0.00    0.00    0.00    0.00   98.98
04:46:23 PM   31    0.00    0.00    0.00    0.00    0.00    0.00    0.00    0.00    0.00  100.00

04:46:23 PM  CPU    %usr   %nice    %sys %iowait    %irq   %soft  %steal  %guest  %gnice   %idle
04:46:24 PM  all    1.05    0.00    5.07    0.00    0.00    5.00    0.00    0.00    0.00   88.87
04:46:24 PM    0    2.06    0.00   11.34    0.00    0.00    0.00    0.00    0.00    0.00   86.60
04:46:24 PM    1    1.04    0.00    8.33    0.00    0.00    0.00    0.00    0.00    0.00   90.62
04:46:24 PM    2    2.00    0.00    8.00    0.00    0.00    1.00    0.00    0.00    0.00   89.00
04:46:24 PM    3    1.00    0.00    6.00    0.00    0.00    0.00    0.00    0.00    0.00   93.00
04:46:24 PM    4    1.02    0.00   11.22    0.00    0.00    0.00    0.00    0.00    0.00   87.76
04:46:24 PM    5    0.00    0.00    1.01    0.00    0.00    0.00    0.00    0.00    0.00   98.99
04:46:24 PM    6    0.00    0.00    0.00    0.00    0.00    0.00    0.00    0.00    0.00  100.00
04:46:24 PM    7    0.00    0.00    0.00    0.00    0.00    0.00    0.00    0.00    0.00  100.00
04:46:24 PM    8    1.00    0.00    0.00    0.00    0.00   99.00    0.00    0.00    0.00    0.00
04:46:24 PM    9    3.53    0.00   11.76    0.00    0.00    0.00    0.00    0.00    0.00   84.71
04:46:24 PM   10    2.38    0.00   11.90    0.00    0.00    0.00    0.00    0.00    0.00   85.71
04:46:24 PM   11    3.53    0.00   11.76    0.00    0.00    0.00    0.00    0.00    0.00   84.71
04:46:24 PM   12    2.44    0.00   12.20    0.00    0.00    0.00    0.00    0.00    0.00   85.37
04:46:24 PM   13    2.35    0.00   11.76    0.00    0.00    1.18    0.00    0.00    0.00   84.71
04:46:24 PM   14    2.33    0.00    5.81    0.00    0.00    0.00    0.00    0.00    0.00   91.86
04:46:24 PM   15    1.11    0.00    7.78    0.00    0.00    0.00    0.00    0.00    0.00   91.11
04:46:24 PM   16    0.00    0.00    0.00    0.00    0.00    0.00    0.00    0.00    0.00  100.00
04:46:24 PM   17    0.00    0.00    0.00    0.00    0.00    0.00    0.00    0.00    0.00  100.00
04:46:24 PM   18    0.00    0.00    0.00    0.00    0.00    0.00    0.00    0.00    0.00  100.00
04:46:24 PM   19    0.00    0.00    0.00    0.00    0.00    0.00    0.00    0.00    0.00  100.00
04:46:24 PM   20    0.00    0.00    0.00    0.00    0.00    0.00    0.00    0.00    0.00  100.00
04:46:24 PM   21    0.00    0.00    0.00    0.00    0.00    0.00    0.00    0.00    0.00  100.00
04:46:24 PM   22    0.00    0.00    0.00    0.00    0.00   11.70    0.00    0.00    0.00   88.30
04:46:24 PM   23    0.00    0.00    0.00    0.00    0.00   15.46    0.00    0.00    0.00   84.54
04:46:24 PM   24    4.44    0.00   24.44    0.00    0.00   18.89    0.00    0.00    0.00   52.22
04:46:24 PM   25    1.19    0.00    2.38    0.00    0.00    8.33    0.00    0.00    0.00   88.10
04:46:24 PM   26    1.00    0.00    5.00    0.00    0.00    0.00    0.00    0.00    0.00   94.00
04:46:24 PM   27    1.04    0.00    9.38    0.00    0.00    0.00    0.00    0.00    0.00   89.58
04:46:24 PM   28    0.00    0.00    3.12    0.00    0.00    0.00    0.00    0.00    0.00   96.88
04:46:24 PM   29    1.01    0.00    4.04    0.00    0.00    1.01    0.00    0.00    0.00   93.94
04:46:24 PM   30    1.05    0.00    1.05    0.00    0.00    0.00    0.00    0.00    0.00   97.89
04:46:24 PM   31    0.00    0.00    1.00    0.00    0.00    0.00    0.00    0.00    0.00   99.00

04:46:24 PM  CPU    %usr   %nice    %sys %iowait    %irq   %soft  %steal  %guest  %gnice   %idle
04:46:25 PM  all    0.92    0.00    4.90    0.00    0.00    5.16    0.00    0.00    0.00   89.02
04:46:25 PM    0    1.01    0.00   10.10    0.00    0.00    1.01    0.00    0.00    0.00   87.88
04:46:25 PM    1    1.00    0.00    4.00    0.00    0.00    1.00    0.00    0.00    0.00   94.00
04:46:25 PM    2    1.03    0.00    8.25    0.00    0.00    0.00    0.00    0.00    0.00   90.72
04:46:25 PM    3    1.01    0.00    4.04    0.00    0.00    0.00    0.00    0.00    0.00   94.95
04:46:25 PM    4    1.04    0.00   10.42    0.00    0.00    0.00    0.00    0.00    0.00   88.54
04:46:25 PM    5    1.00    0.00    6.00    0.00    0.00    0.00    0.00    0.00    0.00   93.00
04:46:25 PM    6    0.00    0.00    0.00    0.00    0.00    0.00    0.00    0.00    0.00  100.00
04:46:25 PM    7    0.00    0.00    0.00    0.00    0.00    0.00    0.00    0.00    0.00  100.00
04:46:25 PM    8    1.98    0.00    0.00    0.00    0.00   98.02    0.00    0.00    0.00    0.00
04:46:25 PM    9    2.41    0.00   12.05    0.00    0.00    0.00    0.00    0.00    0.00   85.54
04:46:25 PM   10    2.41    0.00   12.05    0.00    0.00    0.00    0.00    0.00    0.00   85.54
04:46:25 PM   11    1.19    0.00   13.10    0.00    0.00    0.00    0.00    0.00    0.00   85.71
04:46:25 PM   12    3.57    0.00    9.52    0.00    0.00    0.00    0.00    0.00    0.00   86.90
04:46:25 PM   13    2.33    0.00   11.63    0.00    0.00    0.00    0.00    0.00    0.00   86.05
04:46:25 PM   14    1.15    0.00   10.34    0.00    0.00    0.00    0.00    0.00    0.00   88.51
04:46:25 PM   15    1.09    0.00    6.52    0.00    0.00    0.00    0.00    0.00    0.00   92.39
04:46:25 PM   16    0.00    0.00    0.00    0.00    0.00    0.00    0.00    0.00    0.00  100.00
04:46:25 PM   17    0.00    0.00    0.00    0.00    0.00    0.00    0.00    0.00    0.00  100.00
04:46:25 PM   18    0.00    0.00    0.00    0.00    0.00    0.00    0.00    0.00    0.00  100.00
04:46:25 PM   19    0.00    0.00    0.00    0.00    0.00    0.00    0.00    0.00    0.00  100.00
04:46:25 PM   20    0.00    0.00    0.00    0.00    0.00    0.00    0.00    0.00    0.00  100.00
04:46:25 PM   21    0.00    0.00    0.00    0.00    0.00    0.00    0.00    0.00    0.00  100.00
04:46:25 PM   22    0.00    0.00    0.00    0.00    0.00   15.46    0.00    0.00    0.00   84.54
04:46:25 PM   23    0.00    0.00    0.00    0.00    0.00   13.68    0.00    0.00    0.00   86.32
04:46:25 PM   24    3.26    0.00   23.91    0.00    0.00   21.74    0.00    0.00    0.00   51.09
04:46:25 PM   25    1.15    0.00    2.30    0.00    0.00    9.20    0.00    0.00    0.00   87.36
04:46:25 PM   26    0.00    0.00    1.01    0.00    0.00    0.00    0.00    0.00    0.00   98.99
04:46:25 PM   27    1.03    0.00    7.22    0.00    0.00    0.00    0.00    0.00    0.00   91.75
04:46:25 PM   28    1.03    0.00    2.06    0.00    0.00    0.00    0.00    0.00    0.00   96.91
04:46:25 PM   29    1.10    0.00    8.79    0.00    0.00    0.00    0.00    0.00    0.00   90.11
04:46:25 PM   30    0.00    0.00    0.00    0.00    0.00    0.00    0.00    0.00    0.00  100.00
04:46:25 PM   31    1.04    0.00    1.04    0.00    0.00    0.00    0.00    0.00    0.00   97.92

04:46:25 PM  CPU    %usr   %nice    %sys %iowait    %irq   %soft  %steal  %guest  %gnice   %idle
04:46:26 PM  all    1.02    0.00    5.26    0.00    0.00    5.23    0.00    0.00    0.00   88.49
04:46:26 PM    0    3.00    0.00   11.00    0.00    0.00    1.00    0.00    0.00    0.00   85.00
04:46:26 PM    1    1.02    0.00    3.06    0.00    0.00    0.00    0.00    0.00    0.00   95.92
04:46:26 PM    2    1.04    0.00    7.29    0.00    0.00    0.00    0.00    0.00    0.00   91.67
04:46:26 PM    3    1.02    0.00    7.14    0.00    0.00    0.00    0.00    0.00    0.00   91.84
04:46:26 PM    4    2.06    0.00   10.31    0.00    0.00    1.03    0.00    0.00    0.00   86.60
04:46:26 PM    5    1.00    0.00    3.00    0.00    0.00    0.00    0.00    0.00    0.00   96.00
04:46:26 PM    6    0.00    0.00    0.00    0.00    0.00    0.00    0.00    0.00    0.00  100.00
04:46:26 PM    7    0.00    0.00    0.00    0.00    0.00    0.00    0.00    0.00    0.00  100.00
04:46:26 PM    8    1.01    0.00    0.00    0.00    0.00   98.99    0.00    0.00    0.00    0.00
04:46:26 PM    9    2.30    0.00   13.79    0.00    0.00    0.00    0.00    0.00    0.00   83.91
04:46:26 PM   10    3.53    0.00    9.41    0.00    0.00    0.00    0.00    0.00    0.00   87.06
04:46:26 PM   11    2.27    0.00   12.50    0.00    0.00    0.00    0.00    0.00    0.00   85.23
04:46:26 PM   12    1.19    0.00   10.71    0.00    0.00    0.00    0.00    0.00    0.00   88.10
04:46:26 PM   13    1.12    0.00   11.24    0.00    0.00    0.00    0.00    0.00    0.00   87.64
04:46:26 PM   14    2.27    0.00    9.09    0.00    0.00    0.00    0.00    0.00    0.00   88.64
04:46:26 PM   15    0.00    0.00    6.67    0.00    0.00    0.00    0.00    0.00    0.00   93.33
04:46:26 PM   16    0.00    0.00    0.00    0.00    0.00    0.00    0.00    0.00    0.00  100.00
04:46:26 PM   17    0.00    0.00    0.00    0.00    0.00    0.00    0.00    0.00    0.00  100.00
04:46:26 PM   18    0.00    0.00    0.00    0.00    0.00    0.00    0.00    0.00    0.00  100.00
04:46:26 PM   19    0.00    0.00    0.00    0.00    0.00    0.00    0.00    0.00    0.00  100.00
04:46:26 PM   20    0.00    0.00    0.00    0.00    0.00    0.00    0.00    0.00    0.00  100.00
04:46:26 PM   21    0.00    0.00    0.00    0.00    0.00    0.00    0.00    0.00    0.00  100.00
04:46:26 PM   22    0.00    0.00    0.00    0.00    0.00   15.46    0.00    0.00    0.00   84.54
04:46:26 PM   23    0.00    0.00    0.00    0.00    0.00   15.62    0.00    0.00    0.00   84.38
04:46:26 PM   24    3.30    0.00   25.27    0.00    0.00   19.78    0.00    0.00    0.00   51.65
04:46:26 PM   25    1.16    0.00    4.65    0.00    0.00   11.63    0.00    0.00    0.00   82.56
04:46:26 PM   26    1.03    0.00    2.06    0.00    0.00    0.00    0.00    0.00    0.00   96.91
04:46:26 PM   27    2.06    0.00    8.25    0.00    0.00    1.03    0.00    0.00    0.00   88.66
04:46:26 PM   28    1.04    0.00    4.17    0.00    0.00    0.00    0.00    0.00    0.00   94.79
04:46:26 PM   29    2.33    0.00   13.95    0.00    0.00    0.00    0.00    0.00    0.00   83.72
04:46:26 PM   30    0.00    0.00    2.06    0.00    0.00    0.00    0.00    0.00    0.00   97.94
04:46:26 PM   31    0.00    0.00    0.00    0.00    0.00    0.00    0.00    0.00    0.00  100.00

04:46:26 PM  CPU    %usr   %nice    %sys %iowait    %irq   %soft  %steal  %guest  %gnice   %idle
04:46:27 PM  all    1.08    0.00    5.09    0.00    0.00    5.32    0.00    0.00    0.00   88.51
04:46:27 PM    0    1.04    0.00    9.38    0.00    0.00    1.04    0.00    0.00    0.00   88.54
04:46:27 PM    1    2.08    0.00    6.25    0.00    0.00    0.00    0.00    0.00    0.00   91.67
04:46:27 PM    2    2.06    0.00    6.19    0.00    0.00    0.00    0.00    0.00    0.00   91.75
04:46:27 PM    3    1.01    0.00    4.04    0.00    0.00    0.00    0.00    0.00    0.00   94.95
04:46:27 PM    4    3.06    0.00    8.16    0.00    0.00    0.00    0.00    0.00    0.00   88.78
04:46:27 PM    5    0.00    0.00    4.08    0.00    0.00    0.00    0.00    0.00    0.00   95.92
04:46:27 PM    6    0.00    0.00    0.00    0.00    0.00    0.00    0.00    0.00    0.00  100.00
04:46:27 PM    7    0.00    0.00    0.00    0.00    0.00    0.00    0.00    0.00    0.00  100.00
04:46:27 PM    8    1.00    0.00    0.00    0.00    0.00   99.00    0.00    0.00    0.00    0.00
04:46:27 PM    9    2.38    0.00   11.90    0.00    0.00    0.00    0.00    0.00    0.00   85.71
04:46:27 PM   10    2.35    0.00   12.94    0.00    0.00    0.00    0.00    0.00    0.00   84.71
04:46:27 PM   11    2.35    0.00   12.94    0.00    0.00    1.18    0.00    0.00    0.00   83.53
04:46:27 PM   12    3.53    0.00   10.59    0.00    0.00    0.00    0.00    0.00    0.00   85.88
04:46:27 PM   13    2.35    0.00   11.76    0.00    0.00    0.00    0.00    0.00    0.00   85.88
04:46:27 PM   14    2.30    0.00    9.20    0.00    0.00    0.00    0.00    0.00    0.00   88.51
04:46:27 PM   15    1.06    0.00    5.32    0.00    0.00    0.00    0.00    0.00    0.00   93.62
04:46:27 PM   16    0.00    0.00    0.00    0.00    0.00    0.00    0.00    0.00    0.00  100.00
04:46:27 PM   17    0.00    0.00    0.00    0.00    0.00    0.00    0.00    0.00    0.00  100.00
04:46:27 PM   18    0.00    0.00    0.00    0.00    0.00    0.00    0.00    0.00    0.00  100.00
04:46:27 PM   19    0.00    0.00    0.00    0.00    0.00    0.00    0.00    0.00    0.00  100.00
04:46:27 PM   20    0.00    0.00    0.00    0.00    0.00    0.00    0.00    0.00    0.00  100.00
04:46:27 PM   21    0.00    0.00    0.00    0.00    0.00    0.00    0.00    0.00    0.00  100.00
04:46:27 PM   22    0.00    0.00    0.00    0.00    0.00   16.33    0.00    0.00    0.00   83.67
04:46:27 PM   23    0.00    0.00    0.00    0.00    0.00   16.33    0.00    0.00    0.00   83.67
04:46:27 PM   24    5.26    0.00   25.26    0.00    0.00   21.05    0.00    0.00    0.00   48.42
04:46:27 PM   25    0.00    0.00    5.95    0.00    0.00   10.71    0.00    0.00    0.00   83.33
04:46:27 PM   26    1.05    0.00    8.42    0.00    0.00    0.00    0.00    0.00    0.00   90.53
04:46:27 PM   27    2.06    0.00   10.31    0.00    0.00    0.00    0.00    0.00    0.00   87.63
04:46:27 PM   28    0.00    0.00    3.16    0.00    0.00    0.00    0.00    0.00    0.00   96.84
04:46:27 PM   29    1.03    0.00    3.09    0.00    0.00    0.00    0.00    0.00    0.00   95.88
04:46:27 PM   30    0.00    0.00    0.00    0.00    0.00    0.00    0.00    0.00    0.00  100.00
04:46:27 PM   31    0.00    0.00    1.00    0.00    0.00    0.00    0.00    0.00    0.00   99.00

04:46:27 PM  CPU    %usr   %nice    %sys %iowait    %irq   %soft  %steal  %guest  %gnice   %idle
04:46:28 PM  all    1.06    0.00    5.11    0.00    0.00    5.05    0.00    0.00    0.00   88.79
04:46:28 PM    0    2.06    0.00   10.31    0.00    0.00    0.00    0.00    0.00    0.00   87.63
04:46:28 PM    1    1.01    0.00    8.08    0.00    0.00    0.00    0.00    0.00    0.00   90.91
04:46:28 PM    2    1.02    0.00   10.20    0.00    0.00    0.00    0.00    0.00    0.00   88.78
04:46:28 PM    3    0.00    0.00    4.04    0.00    0.00    0.00    0.00    0.00    0.00   95.96
04:46:28 PM    4    2.04    0.00    9.18    0.00    0.00    0.00    0.00    0.00    0.00   88.78
04:46:28 PM    5    1.00    0.00    4.00    0.00    0.00    0.00    0.00    0.00    0.00   95.00
04:46:28 PM    6    0.00    0.00    0.00    0.00    0.00    0.00    0.00    0.00    0.00  100.00
04:46:28 PM    7    0.00    0.00    0.00    0.00    0.00    0.00    0.00    0.00    0.00  100.00
04:46:28 PM    8    1.00    0.00    0.00    0.00    0.00   99.00    0.00    0.00    0.00    0.00
04:46:28 PM    9    2.33    0.00   11.63    0.00    0.00    0.00    0.00    0.00    0.00   86.05
04:46:28 PM   10    2.33    0.00   11.63    0.00    0.00    0.00    0.00    0.00    0.00   86.05
04:46:28 PM   11    2.33    0.00    9.30    0.00    0.00    0.00    0.00    0.00    0.00   88.37
04:46:28 PM   12    1.20    0.00    8.43    0.00    0.00    0.00    0.00    0.00    0.00   90.36
04:46:28 PM   13    3.33    0.00   12.22    0.00    0.00    0.00    0.00    0.00    0.00   84.44
04:46:28 PM   14    1.15    0.00    6.90    0.00    0.00    0.00    0.00    0.00    0.00   91.95
04:46:28 PM   15    2.27    0.00    6.82    0.00    0.00    0.00    0.00    0.00    0.00   90.91
04:46:28 PM   16    0.00    0.00    0.00    0.00    0.00    0.00    0.00    0.00    0.00  100.00
04:46:28 PM   17    0.00    0.00    0.00    0.00    0.00    0.00    0.00    0.00    0.00  100.00
04:46:28 PM   18    0.00    0.00    0.00    0.00    0.00    0.00    0.00    0.00    0.00  100.00
04:46:28 PM   19    0.00    0.00    0.00    0.00    0.00    0.00    0.00    0.00    0.00  100.00
04:46:28 PM   20    0.00    0.00    0.00    0.00    0.00    0.00    0.00    0.00    0.00  100.00
04:46:28 PM   21    0.00    0.00    0.00    0.00    0.00    0.00    0.00    0.00    0.00  100.00
04:46:28 PM   22    0.00    0.00    0.00    0.00    0.00   15.46    0.00    0.00    0.00   84.54
04:46:28 PM   23    0.00    0.00    0.00    0.00    0.00   11.96    0.00    0.00    0.00   88.04
04:46:28 PM   24    6.38    0.00   26.60    0.00    0.00   19.15    0.00    0.00    0.00   47.87
04:46:28 PM   25    1.18    0.00    3.53    0.00    0.00   11.76    0.00    0.00    0.00   83.53
04:46:28 PM   26    1.06    0.00    5.32    0.00    0.00    0.00    0.00    0.00    0.00   93.62
04:46:28 PM   27    1.05    0.00    7.37    0.00    0.00    0.00    0.00    0.00    0.00   91.58
04:46:28 PM   28    0.00    0.00    4.30    0.00    0.00    0.00    0.00    0.00    0.00   95.70
04:46:28 PM   29    1.05    0.00    5.26    0.00    0.00    0.00    0.00    0.00    0.00   93.68
04:46:28 PM   30    1.08    0.00    3.23    0.00    0.00    0.00    0.00    0.00    0.00   95.70
04:46:28 PM   31    0.00    0.00    0.00    0.00    0.00    0.00    0.00    0.00    0.00  100.00

Average:     CPU    %usr   %nice    %sys %iowait    %irq   %soft  %steal  %guest  %gnice   %idle
Average:     all    1.03    0.00    5.20    0.00    0.00    5.37    0.00    0.00    0.00   88.40
Average:       0    1.43    0.00    8.66    0.00    0.00    0.41    0.00    0.00    0.00   89.50
Average:       1    1.22    0.00    7.32    0.00    0.00    0.20    0.00    0.00    0.00   91.26
Average:       2    1.23    0.00    8.27    0.00    0.00    0.10    0.00    0.00    0.00   90.40
Average:       3    0.60    0.00    4.03    0.00    0.00    0.00    0.00    0.00    0.00   95.37
Average:       4    1.62    0.00    9.34    0.00    0.00    0.20    0.00    0.00    0.00   88.83
Average:       5    0.60    0.00    3.62    0.00    0.00    0.00    0.00    0.00    0.00   95.77
Average:       6    0.10    0.00    0.40    0.00    0.00    0.00    0.00    0.00    0.00   99.50
Average:       7    0.00    0.00    0.30    0.00    0.00    0.00    0.00    0.00    0.00   99.70
Average:       8    1.20    0.00    0.00    0.00    0.00   98.80    0.00    0.00    0.00    0.00
Average:       9    2.51    0.00   12.31    0.00    0.00    0.00    0.00    0.00    0.00   85.19
Average:      10    2.76    0.00   11.63    0.00    0.00    0.12    0.00    0.00    0.00   85.49
Average:      11    2.38    0.00   11.19    0.00    0.00    0.24    0.00    0.00    0.00   86.19
Average:      12    2.14    0.00   11.53    0.00    0.00    0.00    0.00    0.00    0.00   86.33
Average:      13    2.71    0.00   12.37    0.00    0.00    0.12    0.00    0.00    0.00   84.81
Average:      14    1.73    0.00    8.64    0.00    0.00    0.00    0.00    0.00    0.00   89.63
Average:      15    1.21    0.00    6.73    0.00    0.00    0.00    0.00    0.00    0.00   92.05
Average:      16    1.00    0.00    6.29    0.00    0.00    0.70    0.00    0.00    0.00   92.02
Average:      17    0.00    0.00    0.00    0.00    0.00    0.00    0.00    0.00    0.00  100.00
Average:      18    0.00    0.00    0.00    0.00    0.00    0.00    0.00    0.00    0.00  100.00
Average:      19    0.00    0.00    0.00    0.00    0.00    0.00    0.00    0.00    0.00  100.00
Average:      20    0.00    0.00    0.10    0.00    0.00    0.00    0.00    0.00    0.00   99.90
Average:      21    0.00    0.00    0.10    0.00    0.00    0.00    0.00    0.00    0.00   99.90
Average:      22    0.31    0.00    1.14    0.00    0.00   14.94    0.00    0.00    0.00   83.61
Average:      23    0.31    0.00    1.87    0.00    0.00   15.18    0.00    0.00    0.00   82.64
Average:      24    3.59    0.00   19.78    0.00    0.00   21.85    0.00    0.00    0.00   54.78
Average:      25    1.55    0.00    5.97    0.00    0.00   14.81    0.00    0.00    0.00   77.68
Average:      26    0.72    0.00    4.52    0.00    0.00    0.10    0.00    0.00    0.00   94.66
Average:      27    1.64    0.00    8.32    0.00    0.00    0.21    0.00    0.00    0.00   89.83
Average:      28    0.41    0.00    2.47    0.00    0.00    0.00    0.00    0.00    0.00   97.12
Average:      29    1.04    0.00    5.31    0.00    0.00    0.10    0.00    0.00    0.00   93.54
Average:      30    0.20    0.00    0.71    0.00    0.00    0.00    0.00    0.00    0.00   99.08
Average:      31    0.10    0.00    0.40    0.00    0.00    0.00    0.00    0.00    0.00   99.49
