Linux 7.0.0-22-generic (ms-a2-gateway) 	06/07/2026 	_x86_64_	(32 CPU)

04:38:11 PM  CPU    %usr   %nice    %sys %iowait    %irq   %soft  %steal  %guest  %gnice   %idle
04:38:12 PM  all    1.05    0.00    5.54    0.00    0.00    5.96    0.00    0.00    0.00   87.45
04:38:12 PM    0    2.02    0.00    8.08    0.00    0.00    1.01    0.00    0.00    0.00   88.89
04:38:12 PM    1    0.00    0.00    1.02    0.00    0.00    0.00    0.00    0.00    0.00   98.98
04:38:12 PM    2    1.00    0.00    6.00    0.00    0.00    1.00    0.00    0.00    0.00   92.00
04:38:12 PM    3    0.00    0.00    2.02    0.00    0.00    0.00    0.00    0.00    0.00   97.98
04:38:12 PM    4    4.08    0.00   17.35    0.00    0.00    1.02    0.00    0.00    0.00   77.55
04:38:12 PM    5    0.00    0.00    1.01    0.00    0.00    0.00    0.00    0.00    0.00   98.99
04:38:12 PM    6    0.00    0.00    0.00    0.00    0.00    0.00    0.00    0.00    0.00  100.00
04:38:12 PM    7    0.00    0.00    0.00    0.00    0.00    0.00    0.00    0.00    0.00  100.00
04:38:12 PM    8    1.00    0.00    0.00    0.00    0.00   99.00    0.00    0.00    0.00    0.00
04:38:12 PM    9    2.41    0.00   13.25    0.00    0.00    1.20    0.00    0.00    0.00   83.13
04:38:12 PM   10    2.38    0.00   11.90    0.00    0.00    0.00    0.00    0.00    0.00   85.71
04:38:12 PM   11    2.35    0.00   12.94    0.00    0.00    0.00    0.00    0.00    0.00   84.71
04:38:12 PM   12    2.35    0.00   11.76    0.00    0.00    1.18    0.00    0.00    0.00   84.71
04:38:12 PM   13    3.53    0.00   11.76    0.00    0.00    0.00    0.00    0.00    0.00   84.71
04:38:12 PM   14    1.20    0.00    8.43    0.00    0.00    0.00    0.00    0.00    0.00   90.36
04:38:12 PM   15    1.09    0.00    8.70    0.00    0.00    0.00    0.00    0.00    0.00   90.22
04:38:12 PM   16    2.02    0.00    9.09    0.00    0.00    0.00    0.00    0.00    0.00   88.89
04:38:12 PM   17    0.00    0.00    1.00    0.00    0.00    0.00    0.00    0.00    0.00   99.00
04:38:12 PM   18    0.00    0.00    0.00    0.00    0.00    0.00    0.00    0.00    0.00  100.00
04:38:12 PM   19    0.00    0.00    0.00    0.00    0.00    0.00    0.00    0.00    0.00  100.00
04:38:12 PM   20    0.00    0.00    0.00    0.00    0.00    0.00    0.00    0.00    0.00  100.00
04:38:12 PM   21    0.00    0.00    0.00    0.00    0.00    0.00    0.00    0.00    0.00  100.00
04:38:12 PM   22    0.00    0.00    2.08    0.00    0.00   18.75    0.00    0.00    0.00   79.17
04:38:12 PM   23    1.05    0.00    0.00    0.00    0.00   18.95    0.00    0.00    0.00   80.00
04:38:12 PM   24    1.08    0.00    9.68    0.00    0.00   22.58    0.00    0.00    0.00   66.67
04:38:12 PM   25    2.04    0.00   11.22    0.00    0.00   21.43    0.00    0.00    0.00   65.31
04:38:12 PM   26    1.05    0.00    7.37    0.00    0.00    0.00    0.00    0.00    0.00   91.58
04:38:12 PM   27    1.02    0.00   12.24    0.00    0.00    0.00    0.00    0.00    0.00   86.73
04:38:12 PM   28    1.05    0.00    7.37    0.00    0.00    0.00    0.00    0.00    0.00   91.58
04:38:12 PM   29    1.02    0.00    7.14    0.00    0.00    0.00    0.00    0.00    0.00   91.84
04:38:12 PM   30    0.00    0.00    0.00    0.00    0.00    0.00    0.00    0.00    0.00  100.00
04:38:12 PM   31    1.01    0.00    2.02    0.00    0.00    0.00    0.00    0.00    0.00   96.97

04:38:12 PM  CPU    %usr   %nice    %sys %iowait    %irq   %soft  %steal  %guest  %gnice   %idle
04:38:13 PM  all    1.18    0.00    6.25    0.00    0.00    5.33    0.00    0.00    0.00   87.24
04:38:13 PM    0    2.06    0.00    8.25    0.00    0.00    0.00    0.00    0.00    0.00   89.69
04:38:13 PM    1    0.00    0.00    2.02    0.00    0.00    0.00    0.00    0.00    0.00   97.98
04:38:13 PM    2    1.00    0.00   10.00    0.00    0.00    0.00    0.00    0.00    0.00   89.00
04:38:13 PM    3    0.00    0.00    0.00    0.00    0.00    0.00    0.00    0.00    0.00  100.00
04:38:13 PM    4    4.08    0.00   20.41    0.00    0.00    0.00    0.00    0.00    0.00   75.51
04:38:13 PM    5    0.00    0.00    0.99    0.00    0.00    0.00    0.00    0.00    0.00   99.01
04:38:13 PM    6    0.00    0.00    0.99    0.00    0.00    0.00    0.00    0.00    0.00   99.01
04:38:13 PM    7    0.00    0.00    1.00    0.00    0.00    0.00    0.00    0.00    0.00   99.00
04:38:13 PM    8    1.00    0.00    0.00    0.00    0.00   99.00    0.00    0.00    0.00    0.00
04:38:13 PM    9    2.35    0.00   11.76    0.00    0.00    0.00    0.00    0.00    0.00   85.88
04:38:13 PM   10    2.30    0.00   13.79    0.00    0.00    0.00    0.00    0.00    0.00   83.91
04:38:13 PM   11    2.30    0.00   12.64    0.00    0.00    0.00    0.00    0.00    0.00   85.06
04:38:13 PM   12    2.30    0.00   11.49    0.00    0.00    0.00    0.00    0.00    0.00   86.21
04:38:13 PM   13    2.25    0.00    8.99    0.00    0.00    0.00    0.00    0.00    0.00   88.76
04:38:13 PM   14    2.25    0.00   11.24    0.00    0.00    0.00    0.00    0.00    0.00   86.52
04:38:13 PM   15    2.15    0.00   11.83    0.00    0.00    1.08    0.00    0.00    0.00   84.95
04:38:13 PM   16    1.02    0.00   10.20    0.00    0.00    0.00    0.00    0.00    0.00   88.78
04:38:13 PM   17    0.00    0.00    0.00    0.00    0.00    0.00    0.00    0.00    0.00  100.00
04:38:13 PM   18    0.00    0.00    0.00    0.00    0.00    0.00    0.00    0.00    0.00  100.00
04:38:13 PM   19    0.00    0.00    0.00    0.00    0.00    0.00    0.00    0.00    0.00  100.00
04:38:13 PM   20    0.00    0.00    0.00    0.00    0.00    0.00    0.00    0.00    0.00  100.00
04:38:13 PM   21    0.00    0.00    0.00    0.00    0.00    0.00    0.00    0.00    0.00  100.00
04:38:13 PM   22    1.03    0.00    2.06    0.00    0.00   16.49    0.00    0.00    0.00   80.41
04:38:13 PM   23    0.00    0.00    1.04    0.00    0.00   19.79    0.00    0.00    0.00   79.17
04:38:13 PM   24    0.00    0.00    1.22    0.00    0.00    7.32    0.00    0.00    0.00   91.46
04:38:13 PM   25    2.22    0.00   10.00    0.00    0.00   21.11    0.00    0.00    0.00   66.67
04:38:13 PM   26    2.15    0.00    8.60    0.00    0.00    0.00    0.00    0.00    0.00   89.25
04:38:13 PM   27    3.06    0.00   14.29    0.00    0.00    1.02    0.00    0.00    0.00   81.63
04:38:13 PM   28    1.08    0.00    7.53    0.00    0.00    0.00    0.00    0.00    0.00   91.40
04:38:13 PM   29    2.13    0.00   13.83    0.00    0.00    1.06    0.00    0.00    0.00   82.98
04:38:13 PM   30    1.08    0.00    5.38    0.00    0.00    0.00    0.00    0.00    0.00   93.55
04:38:13 PM   31    1.06    0.00    5.32    0.00    0.00    0.00    0.00    0.00    0.00   93.62

04:38:13 PM  CPU    %usr   %nice    %sys %iowait    %irq   %soft  %steal  %guest  %gnice   %idle
04:38:14 PM  all    1.35    0.00    5.91    0.00    0.00    5.52    0.00    0.00    0.00   87.22
04:38:14 PM    0    2.00    0.00    7.00    0.00    0.00    1.00    0.00    0.00    0.00   90.00
04:38:14 PM    1    1.00    0.00    5.00    0.00    0.00    1.00    0.00    0.00    0.00   93.00
04:38:14 PM    2    1.02    0.00    6.12    0.00    0.00    0.00    0.00    0.00    0.00   92.86
04:38:14 PM    3    1.00    0.00    4.00    0.00    0.00    0.00    0.00    0.00    0.00   95.00
04:38:14 PM    4    2.06    0.00   11.34    0.00    0.00    1.03    0.00    0.00    0.00   85.57
04:38:14 PM    5    1.01    0.00    2.02    0.00    0.00    0.00    0.00    0.00    0.00   96.97
04:38:14 PM    6    1.01    0.00    1.01    0.00    0.00    0.00    0.00    0.00    0.00   97.98
04:38:14 PM    7    0.00    0.00    0.00    0.00    0.00    0.00    0.00    0.00    0.00  100.00
04:38:14 PM    8    1.00    0.00    0.00    0.00    0.00   99.00    0.00    0.00    0.00    0.00
04:38:14 PM    9    3.37    0.00   14.61    0.00    0.00    0.00    0.00    0.00    0.00   82.02
04:38:14 PM   10    2.30    0.00   12.64    0.00    0.00    0.00    0.00    0.00    0.00   85.06
04:38:14 PM   11    3.37    0.00   10.11    0.00    0.00    1.12    0.00    0.00    0.00   85.39
04:38:14 PM   12    2.33    0.00   10.47    0.00    0.00    0.00    0.00    0.00    0.00   87.21
04:38:14 PM   13    3.33    0.00   10.00    0.00    0.00    1.11    0.00    0.00    0.00   85.56
04:38:14 PM   14    2.27    0.00   11.36    0.00    0.00    0.00    0.00    0.00    0.00   86.36
04:38:14 PM   15    2.27    0.00   10.23    0.00    0.00    0.00    0.00    0.00    0.00   87.50
04:38:14 PM   16    1.02    0.00    9.18    0.00    0.00    0.00    0.00    0.00    0.00   89.80
04:38:14 PM   17    0.00    0.00    0.00    0.00    0.00    0.00    0.00    0.00    0.00  100.00
04:38:14 PM   18    0.00    0.00    0.00    0.00    0.00    0.00    0.00    0.00    0.00  100.00
04:38:14 PM   19    0.00    0.00    0.00    0.00    0.00    0.00    0.00    0.00    0.00  100.00
04:38:14 PM   20    0.00    0.00    0.00    0.00    0.00    0.00    0.00    0.00    0.00  100.00
04:38:14 PM   21    0.00    0.00    0.00    0.00    0.00    0.00    0.00    0.00    0.00  100.00
04:38:14 PM   22    0.00    0.00    2.11    0.00    0.00   15.79    0.00    0.00    0.00   82.11
04:38:14 PM   23    0.00    0.00    1.03    0.00    0.00   18.56    0.00    0.00    0.00   80.41
04:38:14 PM   24    0.00    0.00    0.00    0.00    0.00   16.85    0.00    0.00    0.00   83.15
04:38:14 PM   25    2.25    0.00    6.74    0.00    0.00   17.98    0.00    0.00    0.00   73.03
04:38:14 PM   26    2.11    0.00   11.58    0.00    0.00    0.00    0.00    0.00    0.00   86.32
04:38:14 PM   27    2.11    0.00   10.53    0.00    0.00    0.00    0.00    0.00    0.00   87.37
04:38:14 PM   28    2.15    0.00   10.75    0.00    0.00    0.00    0.00    0.00    0.00   87.10
04:38:14 PM   29    2.06    0.00   13.40    0.00    0.00    0.00    0.00    0.00    0.00   84.54
04:38:14 PM   30    2.11    0.00    6.32    0.00    0.00    0.00    0.00    0.00    0.00   91.58
04:38:14 PM   31    1.09    0.00    6.52    0.00    0.00    0.00    0.00    0.00    0.00   92.39

04:38:14 PM  CPU    %usr   %nice    %sys %iowait    %irq   %soft  %steal  %guest  %gnice   %idle
04:38:15 PM  all    1.08    0.00    6.03    0.00    0.00    5.54    0.00    0.00    0.00   87.34
04:38:15 PM    0    2.02    0.00   12.12    0.00    0.00    1.01    0.00    0.00    0.00   84.85
04:38:15 PM    1    0.00    0.00    3.03    0.00    0.00    0.00    0.00    0.00    0.00   96.97
04:38:15 PM    2    1.00    0.00    5.00    0.00    0.00    0.00    0.00    0.00    0.00   94.00
04:38:15 PM    3    0.00    0.00    3.03    0.00    0.00    0.00    0.00    0.00    0.00   96.97
04:38:15 PM    4    3.00    0.00   11.00    0.00    0.00    0.00    0.00    0.00    0.00   86.00
04:38:15 PM    5    0.00    0.00    2.04    0.00    0.00    0.00    0.00    0.00    0.00   97.96
04:38:15 PM    6    0.00    0.00    0.00    0.00    0.00    0.00    0.00    0.00    0.00  100.00
04:38:15 PM    7    0.00    0.00    1.01    0.00    0.00    0.00    0.00    0.00    0.00   98.99
04:38:15 PM    8    1.00    0.00    0.00    0.00    0.00   99.00    0.00    0.00    0.00    0.00
04:38:15 PM    9    2.27    0.00   11.36    0.00    0.00    0.00    0.00    0.00    0.00   86.36
04:38:15 PM   10    1.16    0.00    9.30    0.00    0.00    0.00    0.00    0.00    0.00   89.53
04:38:15 PM   11    2.20    0.00   12.09    0.00    0.00    0.00    0.00    0.00    0.00   85.71
04:38:15 PM   12    2.27    0.00    9.09    0.00    0.00    0.00    0.00    0.00    0.00   88.64
04:38:15 PM   13    2.17    0.00   11.96    0.00    0.00    0.00    0.00    0.00    0.00   85.87
04:38:15 PM   14    2.25    0.00    7.87    0.00    0.00    0.00    0.00    0.00    0.00   89.89
04:38:15 PM   15    2.20    0.00    9.89    0.00    0.00    0.00    0.00    0.00    0.00   87.91
04:38:15 PM   16    2.04    0.00    9.18    0.00    0.00    0.00    0.00    0.00    0.00   88.78
04:38:15 PM   17    0.00    0.00    0.00    0.00    0.00    0.00    0.00    0.00    0.00  100.00
04:38:15 PM   18    0.00    0.00    0.00    0.00    0.00    0.00    0.00    0.00    0.00  100.00
04:38:15 PM   19    0.00    0.00    0.00    0.00    0.00    0.00    0.00    0.00    0.00  100.00
04:38:15 PM   20    0.00    0.00    0.00    0.00    0.00    0.00    0.00    0.00    0.00  100.00
04:38:15 PM   21    0.00    0.00    0.00    0.00    0.00    0.00    0.00    0.00    0.00  100.00
04:38:15 PM   22    1.01    0.00    4.04    0.00    0.00   18.18    0.00    0.00    0.00   76.77
04:38:15 PM   23    0.00    0.00    1.03    0.00    0.00   17.53    0.00    0.00    0.00   81.44
04:38:15 PM   24    1.18    0.00    2.35    0.00    0.00   15.29    0.00    0.00    0.00   81.18
04:38:15 PM   25    1.06    0.00   10.64    0.00    0.00   21.28    0.00    0.00    0.00   67.02
04:38:15 PM   26    1.06    0.00    9.57    0.00    0.00    0.00    0.00    0.00    0.00   89.36
04:38:15 PM   27    2.27    0.00   14.77    0.00    0.00    0.00    0.00    0.00    0.00   82.95
04:38:15 PM   28    1.08    0.00    9.68    0.00    0.00    1.08    0.00    0.00    0.00   88.17
04:38:15 PM   29    1.03    0.00   13.40    0.00    0.00    0.00    0.00    0.00    0.00   85.57
04:38:15 PM   30    1.08    0.00    6.45    0.00    0.00    0.00    0.00    0.00    0.00   92.47
04:38:15 PM   31    2.17    0.00    7.61    0.00    0.00    0.00    0.00    0.00    0.00   90.22

04:38:15 PM  CPU    %usr   %nice    %sys %iowait    %irq   %soft  %steal  %guest  %gnice   %idle
04:38:16 PM  all    1.32    0.00    6.23    0.00    0.00    5.11    0.00    0.00    0.00   87.34
04:38:16 PM    0    2.04    0.00   12.24    0.00    0.00    1.02    0.00    0.00    0.00   84.69
04:38:16 PM    1    1.01    0.00    5.05    0.00    0.00    0.00    0.00    0.00    0.00   93.94
04:38:16 PM    2    0.00    0.00    1.01    0.00    0.00    0.00    0.00    0.00    0.00   98.99
04:38:16 PM    3    1.00    0.00    1.00    0.00    0.00    0.00    0.00    0.00    0.00   98.00
04:38:16 PM    4    2.06    0.00   16.49    0.00    0.00    0.00    0.00    0.00    0.00   81.44
04:38:16 PM    5    1.00    0.00    3.00    0.00    0.00    0.00    0.00    0.00    0.00   96.00
04:38:16 PM    6    0.00    0.00    1.00    0.00    0.00    0.00    0.00    0.00    0.00   99.00
04:38:16 PM    7    0.00    0.00    0.00    0.00    0.00    0.00    0.00    0.00    0.00  100.00
04:38:16 PM    8    1.00    0.00    0.00    0.00    0.00   99.00    0.00    0.00    0.00    0.00
04:38:16 PM    9    3.33    0.00   12.22    0.00    0.00    1.11    0.00    0.00    0.00   83.33
04:38:16 PM   10    2.27    0.00    9.09    0.00    0.00    1.14    0.00    0.00    0.00   87.50
04:38:16 PM   11    2.22    0.00   12.22    0.00    0.00    0.00    0.00    0.00    0.00   85.56
04:38:16 PM   12    3.37    0.00   10.11    0.00    0.00    0.00    0.00    0.00    0.00   86.52
04:38:16 PM   13    2.27    0.00   10.23    0.00    0.00    0.00    0.00    0.00    0.00   87.50
04:38:16 PM   14    3.33    0.00   11.11    0.00    0.00    0.00    0.00    0.00    0.00   85.56
04:38:16 PM   15    2.35    0.00   11.76    0.00    0.00    0.00    0.00    0.00    0.00   85.88
04:38:16 PM   16    2.04    0.00    9.18    0.00    0.00    0.00    0.00    0.00    0.00   88.78
04:38:16 PM   17    0.00    0.00    0.00    0.00    0.00    0.00    0.00    0.00    0.00  100.00
04:38:16 PM   18    0.00    0.00    0.00    0.00    0.00    0.00    0.00    0.00    0.00  100.00
04:38:16 PM   19    0.00    0.00    0.00    0.00    0.00    0.00    0.00    0.00    0.00  100.00
04:38:16 PM   20    0.00    0.00    0.00    0.00    0.00    0.00    0.00    0.00    0.00  100.00
04:38:16 PM   21    0.00    0.00    0.00    0.00    0.00    0.00    0.00    0.00    0.00  100.00
04:38:16 PM   22    1.03    0.00    4.12    0.00    0.00   16.49    0.00    0.00    0.00   78.35
04:38:16 PM   23    0.00    0.00    0.00    0.00    0.00   15.96    0.00    0.00    0.00   84.04
04:38:16 PM   24    0.00    0.00    0.00    0.00    0.00    5.06    0.00    0.00    0.00   94.94
04:38:16 PM   25    2.25    0.00    8.99    0.00    0.00   19.10    0.00    0.00    0.00   69.66
04:38:16 PM   26    2.08    0.00   12.50    0.00    0.00    0.00    0.00    0.00    0.00   85.42
04:38:16 PM   27    3.12    0.00   16.67    0.00    0.00    0.00    0.00    0.00    0.00   80.21
04:38:16 PM   28    1.09    0.00    9.78    0.00    0.00    0.00    0.00    0.00    0.00   89.13
04:38:16 PM   29    2.06    0.00   12.37    0.00    0.00    1.03    0.00    0.00    0.00   84.54
04:38:16 PM   30    1.08    0.00    6.45    0.00    0.00    0.00    0.00    0.00    0.00   92.47
04:38:16 PM   31    1.12    0.00    6.74    0.00    0.00    0.00    0.00    0.00    0.00   92.13

04:38:16 PM  CPU    %usr   %nice    %sys %iowait    %irq   %soft  %steal  %guest  %gnice   %idle
04:38:17 PM  all    1.45    0.00    5.91    0.00    0.00    5.05    0.00    0.00    0.00   87.59
04:38:17 PM    0    1.02    0.00    7.14    0.00    0.00    0.00    0.00    0.00    0.00   91.84
04:38:17 PM    1    0.00    0.00    2.00    0.00    0.00    0.00    0.00    0.00    0.00   98.00
04:38:17 PM    2    1.00    0.00    5.00    0.00    0.00    0.00    0.00    0.00    0.00   94.00
04:38:17 PM    3    0.00    0.00    3.00    0.00    0.00    0.00    0.00    0.00    0.00   97.00
04:38:17 PM    4    4.21    0.00   20.00    0.00    0.00    1.05    0.00    0.00    0.00   74.74
04:38:17 PM    5    0.00    0.00    1.01    0.00    0.00    0.00    0.00    0.00    0.00   98.99
04:38:17 PM    6    0.00    0.00    1.00    0.00    0.00    0.00    0.00    0.00    0.00   99.00
04:38:17 PM    7    0.99    0.00    1.98    0.00    0.00    0.00    0.00    0.00    0.00   97.03
04:38:17 PM    8    9.00    0.00    0.00    0.00    0.00   91.00    0.00    0.00    0.00    0.00
04:38:17 PM    9    2.30    0.00   12.64    0.00    0.00    0.00    0.00    0.00    0.00   85.06
04:38:17 PM   10    2.27    0.00    9.09    0.00    0.00    0.00    0.00    0.00    0.00   88.64
04:38:17 PM   11    2.22    0.00   12.22    0.00    0.00    0.00    0.00    0.00    0.00   85.56
04:38:17 PM   12    1.11    0.00   12.22    0.00    0.00    0.00    0.00    0.00    0.00   86.67
04:38:17 PM   13    2.17    0.00   10.87    0.00    0.00    0.00    0.00    0.00    0.00   86.96
04:38:17 PM   14    2.27    0.00    7.95    0.00    0.00    0.00    0.00    0.00    0.00   89.77
04:38:17 PM   15    1.10    0.00    7.69    0.00    0.00    0.00    0.00    0.00    0.00   91.21
04:38:17 PM   16    1.01    0.00   11.11    0.00    0.00    0.00    0.00    0.00    0.00   87.88
04:38:17 PM   17    0.00    0.00    0.00    0.00    0.00    0.00    0.00    0.00    0.00  100.00
04:38:17 PM   18    0.00    0.00    0.00    0.00    0.00    0.00    0.00    0.00    0.00  100.00
04:38:17 PM   19    0.00    0.00    0.00    0.00    0.00    0.00    0.00    0.00    0.00  100.00
04:38:17 PM   20    0.00    0.00    0.00    0.00    0.00    0.00    0.00    0.00    0.00  100.00
04:38:17 PM   21    0.00    0.00    0.00    0.00    0.00    0.00    0.00    0.00    0.00  100.00
04:38:17 PM   22    1.04    0.00    2.08    0.00    0.00   16.67    0.00    0.00    0.00   80.21
04:38:17 PM   23    0.00    0.00    0.00    0.00    0.00   18.95    0.00    0.00    0.00   81.05
04:38:17 PM   24    0.00    0.00    0.00    0.00    0.00   21.05    0.00    0.00    0.00   78.95
04:38:17 PM   25    0.00    0.00    2.86    0.00    0.00    7.14    0.00    0.00    0.00   90.00
04:38:17 PM   26    3.19    0.00    9.57    0.00    0.00    1.06    0.00    0.00    0.00   86.17
04:38:17 PM   27    3.16    0.00   13.68    0.00    0.00    1.05    0.00    0.00    0.00   82.11
04:38:17 PM   28    2.15    0.00    6.45    0.00    0.00    0.00    0.00    0.00    0.00   91.40
04:38:17 PM   29    2.17    0.00   13.04    0.00    0.00    0.00    0.00    0.00    0.00   84.78
04:38:17 PM   30    2.08    0.00    9.38    0.00    0.00    0.00    0.00    0.00    0.00   88.54
04:38:17 PM   31    2.35    0.00   11.76    0.00    0.00    0.00    0.00    0.00    0.00   85.88

04:38:17 PM  CPU    %usr   %nice    %sys %iowait    %irq   %soft  %steal  %guest  %gnice   %idle
04:38:18 PM  all    4.26    0.00    4.71    0.00    0.00    0.97    0.00    0.00    0.00   90.07
04:38:18 PM    0    4.04    0.00   18.18    0.00    0.00    1.01    0.00    0.00    0.00   76.77
04:38:18 PM    1    1.02    0.00    6.12    0.00    0.00    0.00    0.00    0.00    0.00   92.86
04:38:18 PM    2    1.01    0.00    8.08    0.00    0.00    0.00    0.00    0.00    0.00   90.91
04:38:18 PM    3    0.00    0.00    0.00    0.00    0.00    0.00    0.00    0.00    0.00  100.00
04:38:18 PM    4    5.15    0.00   18.56    0.00    0.00    0.00    0.00    0.00    0.00   76.29
04:38:18 PM    5    1.00    0.00    6.00    0.00    0.00    0.00    0.00    0.00    0.00   93.00
04:38:18 PM    6    0.00    0.00    1.00    0.00    0.00    0.00    0.00    0.00    0.00   99.00
04:38:18 PM    7    0.00    0.00    0.99    0.00    0.00    0.00    0.00    0.00    0.00   99.01
04:38:18 PM    8  100.00    0.00    0.00    0.00    0.00    0.00    0.00    0.00    0.00    0.00
04:38:18 PM    9    3.03    0.00   15.15    0.00    0.00    0.00    0.00    0.00    0.00   81.82
04:38:18 PM   10    2.02    0.00   12.12    0.00    0.00    0.00    0.00    0.00    0.00   85.86
04:38:18 PM   11    2.02    0.00   10.10    0.00    0.00    0.00    0.00    0.00    0.00   87.88
04:38:18 PM   12    1.01    0.00    4.04    0.00    0.00    0.00    0.00    0.00    0.00   94.95
04:38:18 PM   13    0.99    0.00    5.94    0.00    0.00    0.99    0.00    0.00    0.00   92.08
04:38:18 PM   14    0.00    0.00    0.00    0.00    0.00    0.00    0.00    0.00    0.00  100.00
04:38:18 PM   15    0.00    0.00    0.00    0.00    0.00    0.00    0.00    0.00    0.00  100.00
04:38:18 PM   16    1.00    0.00    2.00    0.00    0.00    0.00    0.00    0.00    0.00   97.00
04:38:18 PM   17    0.00    0.00    0.00    0.00    0.00    0.00    0.00    0.00    0.00  100.00
04:38:18 PM   18    0.00    0.00    0.00    0.00    0.00    0.00    0.00    0.00    0.00  100.00
04:38:18 PM   19    0.00    0.00    0.00    0.00    0.00    0.00    0.00    0.00    0.00  100.00
04:38:18 PM   20    0.00    0.00    0.00    0.00    0.00    0.00    0.00    0.00    0.00  100.00
04:38:18 PM   21    0.00    0.00    0.00    0.00    0.00    0.00    0.00    0.00    0.00  100.00
04:38:18 PM   22    3.03    0.00    6.06    0.00    0.00   23.23    0.00    0.00    0.00   67.68
04:38:18 PM   23    0.00    0.00    0.00    0.00    0.00    1.37    0.00    0.00    0.00   98.63
04:38:18 PM   24    0.00    0.00    0.00    0.00    0.00    0.00    0.00    0.00    0.00  100.00
04:38:18 PM   25    0.00    0.00    0.00    0.00    0.00    2.70    0.00    0.00    0.00   97.30
04:38:18 PM   26    1.00    0.00    6.00    0.00    0.00    0.00    0.00    0.00    0.00   93.00
04:38:18 PM   27    3.03    0.00   13.13    0.00    0.00    1.01    0.00    0.00    0.00   82.83
04:38:18 PM   28    1.00    0.00    3.00    0.00    0.00    0.00    0.00    0.00    0.00   96.00
04:38:18 PM   29    2.02    0.00   11.11    0.00    0.00    1.01    0.00    0.00    0.00   85.86
04:38:18 PM   30    0.00    0.00    0.00    0.00    0.00    0.00    0.00    0.00    0.00  100.00
04:38:18 PM   31    0.00    0.00    0.00    0.00    0.00    0.00    0.00    0.00    0.00  100.00

04:38:18 PM  CPU    %usr   %nice    %sys %iowait    %irq   %soft  %steal  %guest  %gnice   %idle
04:38:19 PM  all    4.10    0.00    4.87    0.00    0.00    1.70    0.00    0.00    0.00   89.34
04:38:19 PM    0    3.03    0.00   19.19    0.00    0.00    1.01    0.00    0.00    0.00   76.77
04:38:19 PM    1    3.00    0.00    8.00    0.00    0.00    0.00    0.00    0.00    0.00   89.00
04:38:19 PM    2    2.02    0.00    9.09    0.00    0.00    1.01    0.00    0.00    0.00   87.88
04:38:19 PM    3    1.00    0.00    3.00    0.00    0.00    0.00    0.00    0.00    0.00   96.00
04:38:19 PM    4    3.12    0.00   18.75    0.00    0.00    1.04    0.00    0.00    0.00   77.08
04:38:19 PM    5    0.00    0.00    3.03    0.00    0.00    0.00    0.00    0.00    0.00   96.97
04:38:19 PM    6    0.00    0.00    0.00    0.00    0.00    0.00    0.00    0.00    0.00  100.00
04:38:19 PM    7    0.00    0.00    1.01    0.00    0.00    0.00    0.00    0.00    0.00   98.99
04:38:19 PM    8  100.00    0.00    0.00    0.00    0.00    0.00    0.00    0.00    0.00    0.00
04:38:19 PM    9    3.00    0.00   14.00    0.00    0.00    1.00    0.00    0.00    0.00   82.00
04:38:19 PM   10    1.02    0.00   11.22    0.00    0.00    0.00    0.00    0.00    0.00   87.76
04:38:19 PM   11    1.00    0.00    5.00    0.00    0.00    1.00    0.00    0.00    0.00   93.00
04:38:19 PM   12    0.99    0.00    2.97    0.00    0.00    0.99    0.00    0.00    0.00   95.05
04:38:19 PM   13    0.00    0.00    3.00    0.00    0.00    0.00    0.00    0.00    0.00   97.00
04:38:19 PM   14    0.00    0.00    1.00    0.00    0.00    0.00    0.00    0.00    0.00   99.00
04:38:19 PM   15    0.00    0.00    0.00    0.00    0.00    0.00    0.00    0.00    0.00  100.00
04:38:19 PM   16    0.00    0.00    0.00    0.00    0.00    0.00    0.00    0.00    0.00  100.00
04:38:19 PM   17    0.00    0.00    0.00    0.00    0.00    0.00    0.00    0.00    0.00  100.00
04:38:19 PM   18    0.00    0.00    0.00    0.00    0.00    0.00    0.00    0.00    0.00  100.00
04:38:19 PM   19    0.00    0.00    0.00    0.00    0.00    0.00    0.00    0.00    0.00  100.00
04:38:19 PM   20    0.00    0.00    0.00    0.00    0.00    0.00    0.00    0.00    0.00  100.00
04:38:19 PM   21    0.00    0.00    0.00    0.00    0.00    0.00    0.00    0.00    0.00  100.00
04:38:19 PM   22    1.03    0.00    8.25    0.00    0.00   21.65    0.00    0.00    0.00   69.07
04:38:19 PM   23    0.00    0.00    1.10    0.00    0.00   19.78    0.00    0.00    0.00   79.12
04:38:19 PM   24    0.00    0.00    0.00    0.00    0.00    0.00    0.00    0.00    0.00  100.00
04:38:19 PM   25    1.23    0.00    4.94    0.00    0.00    9.88    0.00    0.00    0.00   83.95
04:38:19 PM   26    3.00    0.00   14.00    0.00    0.00    0.00    0.00    0.00    0.00   83.00
04:38:19 PM   27    2.06    0.00   13.40    0.00    0.00    0.00    0.00    0.00    0.00   84.54
04:38:19 PM   28    0.00    0.00    0.00    0.00    0.00    0.00    0.00    0.00    0.00  100.00
04:38:19 PM   29    3.00    0.00   14.00    0.00    0.00    0.00    0.00    0.00    0.00   83.00
04:38:19 PM   30    0.00    0.00    0.00    0.00    0.00    0.00    0.00    0.00    0.00  100.00
04:38:19 PM   31    0.00    0.00    0.00    0.00    0.00    0.00    0.00    0.00    0.00  100.00

04:38:19 PM  CPU    %usr   %nice    %sys %iowait    %irq   %soft  %steal  %guest  %gnice   %idle
04:38:20 PM  all    4.13    0.00    4.80    0.00    0.00    1.57    0.00    0.00    0.00   89.49
04:38:20 PM    0    3.03    0.00   22.22    0.00    0.00    1.01    0.00    0.00    0.00   73.74
04:38:20 PM    1    2.02    0.00    9.09    0.00    0.00    1.01    0.00    0.00    0.00   87.88
04:38:20 PM    2    2.02    0.00    9.09    0.00    0.00    0.00    0.00    0.00    0.00   88.89
04:38:20 PM    3    0.00    0.00    2.00    0.00    0.00    0.00    0.00    0.00    0.00   98.00
04:38:20 PM    4    4.12    0.00   17.53    0.00    0.00    0.00    0.00    0.00    0.00   78.35
04:38:20 PM    5    0.98    0.00    2.94    0.00    0.00    0.98    0.00    0.00    0.00   95.10
04:38:20 PM    6    0.99    0.00    0.99    0.00    0.00    0.00    0.00    0.00    0.00   98.02
04:38:20 PM    7    0.00    0.00    1.00    0.00    0.00    0.00    0.00    0.00    0.00   99.00
04:38:20 PM    8  100.00    0.00    0.00    0.00    0.00    0.00    0.00    0.00    0.00    0.00
04:38:20 PM    9    2.02    0.00   14.14    0.00    0.00    0.00    0.00    0.00    0.00   83.84
04:38:20 PM   10    2.02    0.00   12.12    0.00    0.00    1.01    0.00    0.00    0.00   84.85
04:38:20 PM   11    3.03    0.00   13.13    0.00    0.00    0.00    0.00    0.00    0.00   83.84
04:38:20 PM   12    0.00    0.00    0.00    0.00    0.00    0.00    0.00    0.00    0.00  100.00
04:38:20 PM   13    0.00    0.00    0.00    0.00    0.00    0.00    0.00    0.00    0.00  100.00
04:38:20 PM   14    0.00    0.00    0.00    0.00    0.00    0.00    0.00    0.00    0.00  100.00
04:38:20 PM   15    1.00    0.00    2.00    0.00    0.00    0.00    0.00    0.00    0.00   97.00
04:38:20 PM   16    0.00    0.00    0.00    0.00    0.00    0.00    0.00    0.00    0.00  100.00
04:38:20 PM   17    0.00    0.00    0.00    0.00    0.00    0.00    0.00    0.00    0.00  100.00
04:38:20 PM   18    0.00    0.00    0.00    0.00    0.00    0.00    0.00    0.00    0.00  100.00
04:38:20 PM   19    0.00    0.00    0.00    0.00    0.00    0.00    0.00    0.00    0.00  100.00
04:38:20 PM   20    0.00    0.00    0.00    0.00    0.00    0.00    0.00    0.00    0.00  100.00
04:38:20 PM   21    0.00    0.00    0.00    0.00    0.00    0.00    0.00    0.00    0.00  100.00
04:38:20 PM   22    2.06    0.00    9.28    0.00    0.00   21.65    0.00    0.00    0.00   67.01
04:38:20 PM   23    0.00    0.00    0.00    0.00    0.00   23.71    0.00    0.00    0.00   76.29
04:38:20 PM   24    0.00    0.00    0.00    0.00    0.00    0.00    0.00    0.00    0.00  100.00
04:38:20 PM   25    0.00    0.00    0.00    0.00    0.00    1.37    0.00    0.00    0.00   98.63
04:38:20 PM   26    0.00    0.00    2.00    0.00    0.00    0.00    0.00    0.00    0.00   98.00
04:38:20 PM   27    2.06    0.00   11.34    0.00    0.00    0.00    0.00    0.00    0.00   86.60
04:38:20 PM   28    0.00    0.00    7.07    0.00    0.00    0.00    0.00    0.00    0.00   92.93
04:38:20 PM   29    3.03    0.00   13.13    0.00    0.00    0.00    0.00    0.00    0.00   83.84
04:38:20 PM   30    1.01    0.00    3.03    0.00    0.00    0.00    0.00    0.00    0.00   95.96
04:38:20 PM   31    0.00    0.00    0.00    0.00    0.00    0.00    0.00    0.00    0.00  100.00

04:38:20 PM  CPU    %usr   %nice    %sys %iowait    %irq   %soft  %steal  %guest  %gnice   %idle
04:38:21 PM  all    4.14    0.00    4.90    0.00    0.00    2.04    0.00    0.00    0.00   88.92
04:38:21 PM    0    3.09    0.00   17.53    0.00    0.00    1.03    0.00    0.00    0.00   78.35
04:38:21 PM    1    2.02    0.00    8.08    0.00    0.00    0.00    0.00    0.00    0.00   89.90
04:38:21 PM    2    3.03    0.00   13.13    0.00    0.00    0.00    0.00    0.00    0.00   83.84
04:38:21 PM    3    0.00    0.00    0.00    0.00    0.00    0.00    0.00    0.00    0.00  100.00
04:38:21 PM    4    5.00    0.00   23.00    0.00    0.00    0.00    0.00    0.00    0.00   72.00
04:38:21 PM    5    0.00    0.00    4.08    0.00    0.00    0.00    0.00    0.00    0.00   95.92
04:38:21 PM    6    0.00    0.00    0.00    0.00    0.00    0.00    0.00    0.00    0.00  100.00
04:38:21 PM    7    0.00    0.00    0.00    0.00    0.00    0.00    0.00    0.00    0.00  100.00
04:38:21 PM    8  100.00    0.00    0.00    0.00    0.00    0.00    0.00    0.00    0.00    0.00
04:38:21 PM    9    3.00    0.00   17.00    0.00    0.00    0.00    0.00    0.00    0.00   80.00
04:38:21 PM   10    2.06    0.00   13.40    0.00    0.00    0.00    0.00    0.00    0.00   84.54
04:38:21 PM   11    3.03    0.00   15.15    0.00    0.00    0.00    0.00    0.00    0.00   81.82
04:38:21 PM   12    0.99    0.00    7.92    0.00    0.00    0.00    0.00    0.00    0.00   91.09
04:38:21 PM   13    3.03    0.00   11.11    0.00    0.00    0.00    0.00    0.00    0.00   85.86
04:38:21 PM   14    0.00    0.00    1.00    0.00    0.00    0.00    0.00    0.00    0.00   99.00
04:38:21 PM   15    0.00    0.00    0.99    0.00    0.00    0.00    0.00    0.00    0.00   99.01
04:38:21 PM   16    0.00    0.00    0.00    0.00    0.00    0.00    0.00    0.00    0.00  100.00
04:38:21 PM   17    0.00    0.00    0.00    0.00    0.00    0.00    0.00    0.00    0.00  100.00
04:38:21 PM   18    0.00    0.00    0.00    0.00    0.00    0.00    0.00    0.00    0.00  100.00
04:38:21 PM   19    0.00    0.00    0.00    0.00    0.00    0.00    0.00    0.00    0.00  100.00
04:38:21 PM   20    0.00    0.00    0.00    0.00    0.00    0.00    0.00    0.00    0.00  100.00
04:38:21 PM   21    0.00    0.00    0.00    0.00    0.00    0.00    0.00    0.00    0.00  100.00
04:38:21 PM   22    1.02    0.00    6.12    0.00    0.00   22.45    0.00    0.00    0.00   70.41
04:38:21 PM   23    1.01    0.00    0.00    0.00    0.00   25.25    0.00    0.00    0.00   73.74
04:38:21 PM   24    0.00    0.00    0.00    0.00    0.00   19.28    0.00    0.00    0.00   80.72
04:38:21 PM   25    0.00    0.00    0.00    0.00    0.00    0.00    0.00    0.00    0.00  100.00
04:38:21 PM   26    0.00    0.00    0.00    0.00    0.00    0.00    0.00    0.00    0.00  100.00
04:38:21 PM   27    1.98    0.00   10.89    0.00    0.00    0.00    0.00    0.00    0.00   87.13
04:38:21 PM   28    1.00    0.00    2.00    0.00    0.00    0.00    0.00    0.00    0.00   97.00
04:38:21 PM   29    0.00    0.00    4.08    0.00    0.00    0.00    0.00    0.00    0.00   95.92
04:38:21 PM   30    0.00    0.00    0.00    0.00    0.00    0.00    0.00    0.00    0.00  100.00
04:38:21 PM   31    0.00    0.00    0.00    0.00    0.00    0.00    0.00    0.00    0.00  100.00

Average:     CPU    %usr   %nice    %sys %iowait    %irq   %soft  %steal  %guest  %gnice   %idle
Average:     all    2.42    0.00    5.51    0.00    0.00    3.86    0.00    0.00    0.00   88.21
Average:       0    2.44    0.00   13.20    0.00    0.00    0.81    0.00    0.00    0.00   83.55
Average:       1    1.01    0.00    4.94    0.00    0.00    0.20    0.00    0.00    0.00   93.84
Average:       2    1.31    0.00    7.25    0.00    0.00    0.20    0.00    0.00    0.00   91.24
Average:       3    0.30    0.00    1.81    0.00    0.00    0.00    0.00    0.00    0.00   97.89
Average:       4    3.69    0.00   17.44    0.00    0.00    0.41    0.00    0.00    0.00   78.46
Average:       5    0.40    0.00    2.61    0.00    0.00    0.10    0.00    0.00    0.00   96.88
Average:       6    0.20    0.00    0.60    0.00    0.00    0.00    0.00    0.00    0.00   99.20
Average:       7    0.10    0.00    0.70    0.00    0.00    0.00    0.00    0.00    0.00   99.20
Average:       8   41.40    0.00    0.00    0.00    0.00   58.60    0.00    0.00    0.00    0.00
Average:       9    2.72    0.00   13.70    0.00    0.00    0.33    0.00    0.00    0.00   83.26
Average:      10    1.97    0.00   11.50    0.00    0.00    0.22    0.00    0.00    0.00   86.31
Average:      11    2.37    0.00   11.52    0.00    0.00    0.22    0.00    0.00    0.00   85.90
Average:      12    1.62    0.00    7.78    0.00    0.00    0.22    0.00    0.00    0.00   90.38
Average:      13    1.92    0.00    8.23    0.00    0.00    0.21    0.00    0.00    0.00   89.64
Average:      14    1.29    0.00    5.72    0.00    0.00    0.00    0.00    0.00    0.00   92.99
Average:      15    1.17    0.00    6.06    0.00    0.00    0.11    0.00    0.00    0.00   92.67
Average:      16    1.01    0.00    5.96    0.00    0.00    0.00    0.00    0.00    0.00   93.03
Average:      17    0.00    0.00    0.10    0.00    0.00    0.00    0.00    0.00    0.00   99.90
Average:      18    0.00    0.00    0.00    0.00    0.00    0.00    0.00    0.00    0.00  100.00
Average:      19    0.00    0.00    0.00    0.00    0.00    0.00    0.00    0.00    0.00  100.00
Average:      20    0.00    0.00    0.00    0.00    0.00    0.00    0.00    0.00    0.00  100.00
Average:      21    0.00    0.00    0.00    0.00    0.00    0.00    0.00    0.00    0.00  100.00
Average:      22    1.13    0.00    4.63    0.00    0.00   19.16    0.00    0.00    0.00   75.08
Average:      23    0.21    0.00    0.43    0.00    0.00   18.42    0.00    0.00    0.00   80.94
Average:      24    0.25    0.00    1.48    0.00    0.00   11.74    0.00    0.00    0.00   86.53
Average:      25    1.20    0.00    6.02    0.00    0.00   13.12    0.00    0.00    0.00   79.66
Average:      26    1.55    0.00    8.07    0.00    0.00    0.10    0.00    0.00    0.00   90.28
Average:      27    2.39    0.00   13.07    0.00    0.00    0.31    0.00    0.00    0.00   84.23
Average:      28    1.04    0.00    6.26    0.00    0.00    0.10    0.00    0.00    0.00   92.59
Average:      29    1.85    0.00   11.53    0.00    0.00    0.31    0.00    0.00    0.00   86.30
Average:      30    0.83    0.00    3.62    0.00    0.00    0.00    0.00    0.00    0.00   95.55
Average:      31    0.84    0.00    3.79    0.00    0.00    0.00    0.00    0.00    0.00   95.37
