Linux 7.0.0-22-generic (ms-a2-gateway) 	06/07/2026 	_x86_64_	(32 CPU)

04:38:01 PM  CPU    %usr   %nice    %sys %iowait    %irq   %soft  %steal  %guest  %gnice   %idle
04:38:02 PM  all    0.91    0.00    5.74    0.00    0.00    3.12    0.00    0.00    0.00   90.23
04:38:02 PM    0    1.00    0.00   11.00    0.00    0.00    2.00    0.00    0.00    0.00   86.00
04:38:02 PM    1    2.02    0.00    8.08    0.00    0.00    0.00    0.00    0.00    0.00   89.90
04:38:02 PM    2    1.02    0.00    8.16    0.00    0.00    0.00    0.00    0.00    0.00   90.82
04:38:02 PM    3    1.00    0.00    6.00    0.00    0.00    0.00    0.00    0.00    0.00   93.00
04:38:02 PM    4    0.00    0.00    5.10    0.00    0.00    0.00    0.00    0.00    0.00   94.90
04:38:02 PM    5    0.00    0.00    3.06    0.00    0.00    0.00    0.00    0.00    0.00   96.94
04:38:02 PM    6    1.01    0.00    2.02    0.00    0.00    0.00    0.00    0.00    0.00   96.97
04:38:02 PM    7    0.00    0.00    1.01    0.00    0.00    0.00    0.00    0.00    0.00   98.99
04:38:02 PM    8    0.00    0.00    0.00    0.00    0.00   92.50    0.00    0.00    0.00    7.50
04:38:02 PM    9    2.17    0.00    6.52    0.00    0.00    0.00    0.00    0.00    0.00   91.30
04:38:02 PM   10    1.14    0.00   10.23    0.00    0.00    0.00    0.00    0.00    0.00   88.64
04:38:02 PM   11    1.12    0.00    8.99    0.00    0.00    0.00    0.00    0.00    0.00   89.89
04:38:02 PM   12    2.20    0.00    7.69    0.00    0.00    0.00    0.00    0.00    0.00   90.11
04:38:02 PM   13    1.11    0.00    8.89    0.00    0.00    0.00    0.00    0.00    0.00   90.00
04:38:02 PM   14    1.10    0.00    5.49    0.00    0.00    0.00    0.00    0.00    0.00   93.41
04:38:02 PM   15    0.00    0.00    3.33    0.00    0.00    0.00    0.00    0.00    0.00   96.67
04:38:02 PM   16    0.00    0.00    2.00    0.00    0.00    0.00    0.00    0.00    0.00   98.00
04:38:02 PM   17    0.00    0.00    1.00    0.00    0.00    0.00    0.00    0.00    0.00   99.00
04:38:02 PM   18    0.00    0.00    0.00    0.00    0.00    0.00    0.00    0.00    0.00  100.00
04:38:02 PM   19    0.00    0.00    0.99    0.00    0.00    0.00    0.00    0.00    0.00   99.01
04:38:02 PM   20    1.03    0.00    6.19    0.00    0.00    0.00    0.00    0.00    0.00   92.78
04:38:02 PM   21    0.00    0.00    1.01    0.00    0.00    0.00    0.00    0.00    0.00   98.99
04:38:02 PM   22    1.08    0.00    3.23    0.00    0.00   11.83    0.00    0.00    0.00   83.87
04:38:02 PM   23    0.00    0.00    3.30    0.00    0.00   13.19    0.00    0.00    0.00   83.52
04:38:02 PM   24    1.16    0.00    9.30    0.00    0.00   19.77    0.00    0.00    0.00   69.77
04:38:02 PM   25    2.22    0.00   10.00    0.00    0.00   15.56    0.00    0.00    0.00   72.22
04:38:02 PM   26    1.08    0.00    7.53    0.00    0.00    0.00    0.00    0.00    0.00   91.40
04:38:02 PM   27    2.13    0.00   13.83    0.00    0.00    0.00    0.00    0.00    0.00   84.04
04:38:02 PM   28    1.05    0.00    6.32    0.00    0.00    0.00    0.00    0.00    0.00   92.63
04:38:02 PM   29    2.17    0.00   13.04    0.00    0.00    0.00    0.00    0.00    0.00   84.78
04:38:02 PM   30    1.06    0.00    3.19    0.00    0.00    0.00    0.00    0.00    0.00   95.74
04:38:02 PM   31    1.10    0.00    6.59    0.00    0.00    0.00    0.00    0.00    0.00   92.31

04:38:02 PM  CPU    %usr   %nice    %sys %iowait    %irq   %soft  %steal  %guest  %gnice   %idle
04:38:03 PM  all    1.14    0.00    5.51    0.00    0.00    2.69    0.00    0.00    0.00   90.66
04:38:03 PM    0    2.02    0.00    9.09    0.00    0.00    1.01    0.00    0.00    0.00   87.88
04:38:03 PM    1    1.03    0.00    7.22    0.00    0.00    1.03    0.00    0.00    0.00   90.72
04:38:03 PM    2    1.98    0.00    7.92    0.00    0.00    0.99    0.00    0.00    0.00   89.11
04:38:03 PM    3    1.03    0.00    4.12    0.00    0.00    0.00    0.00    0.00    0.00   94.85
04:38:03 PM    4    2.02    0.00   11.11    0.00    0.00    0.00    0.00    0.00    0.00   86.87
04:38:03 PM    5    0.00    0.00    1.00    0.00    0.00    0.00    0.00    0.00    0.00   99.00
04:38:03 PM    6    0.00    0.00    0.00    0.00    0.00    0.00    0.00    0.00    0.00  100.00
04:38:03 PM    7    0.00    0.00    0.00    0.00    0.00    0.00    0.00    0.00    0.00  100.00
04:38:03 PM    8    0.00    0.00    0.00    0.00    0.00   90.62    0.00    0.00    0.00    9.38
04:38:03 PM    9    1.10    0.00    6.59    0.00    0.00    0.00    0.00    0.00    0.00   92.31
04:38:03 PM   10    2.17    0.00    5.43    0.00    0.00    0.00    0.00    0.00    0.00   92.39
04:38:03 PM   11    3.16    0.00   14.74    0.00    0.00    0.00    0.00    0.00    0.00   82.11
04:38:03 PM   12    1.11    0.00    7.78    0.00    0.00    0.00    0.00    0.00    0.00   91.11
04:38:03 PM   13    1.12    0.00    6.74    0.00    0.00    0.00    0.00    0.00    0.00   92.13
04:38:03 PM   14    2.15    0.00    6.45    0.00    0.00    0.00    0.00    0.00    0.00   91.40
04:38:03 PM   15    1.10    0.00    7.69    0.00    0.00    0.00    0.00    0.00    0.00   91.21
04:38:03 PM   16    0.00    0.00    0.00    0.00    0.00    0.00    0.00    0.00    0.00  100.00
04:38:03 PM   17    0.00    0.00    0.00    0.00    0.00    0.00    0.00    0.00    0.00  100.00
04:38:03 PM   18    0.00    0.00    0.00    0.00    0.00    0.00    0.00    0.00    0.00  100.00
04:38:03 PM   19    0.00    0.00    0.00    0.00    0.00    0.00    0.00    0.00    0.00  100.00
04:38:03 PM   20    0.00    0.00    6.12    0.00    0.00    0.00    0.00    0.00    0.00   93.88
04:38:03 PM   21    0.00    0.00    0.00    0.00    0.00    0.00    0.00    0.00    0.00  100.00
04:38:03 PM   22    0.00    0.00    2.33    0.00    0.00    6.98    0.00    0.00    0.00   90.70
04:38:03 PM   23    1.20    0.00    0.00    0.00    0.00    1.20    0.00    0.00    0.00   97.59
04:38:03 PM   24    3.26    0.00   11.96    0.00    0.00   21.74    0.00    0.00    0.00   63.04
04:38:03 PM   25    2.06    0.00   10.31    0.00    0.00   19.59    0.00    0.00    0.00   68.04
04:38:03 PM   26    2.13    0.00    6.38    0.00    0.00    1.06    0.00    0.00    0.00   90.43
04:38:03 PM   27    2.11    0.00   13.68    0.00    0.00    1.05    0.00    0.00    0.00   83.16
04:38:03 PM   28    1.09    0.00    6.52    0.00    0.00    0.00    0.00    0.00    0.00   92.39
04:38:03 PM   29    1.16    0.00   11.63    0.00    0.00    0.00    0.00    0.00    0.00   87.21
04:38:03 PM   30    1.09    0.00    4.35    0.00    0.00    0.00    0.00    0.00    0.00   94.57
04:38:03 PM   31    2.13    0.00    5.32    0.00    0.00    0.00    0.00    0.00    0.00   92.55

04:38:03 PM  CPU    %usr   %nice    %sys %iowait    %irq   %soft  %steal  %guest  %gnice   %idle
04:38:04 PM  all    0.85    0.00    4.77    0.00    0.00    1.32    0.00    0.00    0.00   93.06
04:38:04 PM    0    1.10    0.00    9.89    0.00    0.00    2.20    0.00    0.00    0.00   86.81
04:38:04 PM    1    2.06    0.00    7.22    0.00    0.00    2.06    0.00    0.00    0.00   88.66
04:38:04 PM    2    0.00    0.00    8.51    0.00    0.00    0.00    0.00    0.00    0.00   91.49
04:38:04 PM    3    2.06    0.00   11.34    0.00    0.00    1.03    0.00    0.00    0.00   85.57
04:38:04 PM    4    1.06    0.00   10.64    0.00    0.00    1.06    0.00    0.00    0.00   87.23
04:38:04 PM    5    2.17    0.00    8.70    0.00    0.00    0.00    0.00    0.00    0.00   89.13
04:38:04 PM    6    1.06    0.00    5.32    0.00    0.00    0.00    0.00    0.00    0.00   93.62
04:38:04 PM    7    1.05    0.00    6.32    0.00    0.00    0.00    0.00    0.00    0.00   92.63
04:38:04 PM    8    0.00    0.00    0.00    0.00    0.00   76.92    0.00    0.00    0.00   23.08
04:38:04 PM    9    1.05    0.00    2.11    0.00    0.00    0.00    0.00    0.00    0.00   96.84
04:38:04 PM   10    0.00    0.00    2.11    0.00    0.00    0.00    0.00    0.00    0.00   97.89
04:38:04 PM   11    0.00    0.00    3.23    0.00    0.00    0.00    0.00    0.00    0.00   96.77
04:38:04 PM   12    1.03    0.00    2.06    0.00    0.00    0.00    0.00    0.00    0.00   96.91
04:38:04 PM   13    1.03    0.00    1.03    0.00    0.00    0.00    0.00    0.00    0.00   97.94
04:38:04 PM   14    0.00    0.00    1.02    0.00    0.00    0.00    0.00    0.00    0.00   98.98
04:38:04 PM   15    1.02    0.00    0.00    0.00    0.00    0.00    0.00    0.00    0.00   98.98
04:38:04 PM   16    1.04    0.00   11.46    0.00    0.00    0.00    0.00    0.00    0.00   87.50
04:38:04 PM   17    1.06    0.00    8.51    0.00    0.00    0.00    0.00    0.00    0.00   90.43
04:38:04 PM   18    1.04    0.00    8.33    0.00    0.00    0.00    0.00    0.00    0.00   90.62
04:38:04 PM   19    0.00    0.00    5.32    0.00    0.00    0.00    0.00    0.00    0.00   94.68
04:38:04 PM   20    1.06    0.00    6.38    0.00    0.00    0.00    0.00    0.00    0.00   92.55
04:38:04 PM   21    2.11    0.00    7.37    0.00    0.00    0.00    0.00    0.00    0.00   90.53
04:38:04 PM   22    1.11    0.00    5.56    0.00    0.00    7.78    0.00    0.00    0.00   85.56
04:38:04 PM   23    0.00    0.00    2.27    0.00    0.00    4.55    0.00    0.00    0.00   93.18
04:38:04 PM   24    0.00    0.00    1.23    0.00    0.00    4.94    0.00    0.00    0.00   93.83
04:38:04 PM   25    1.09    0.00    5.43    0.00    0.00    8.70    0.00    0.00    0.00   84.78
04:38:04 PM   26    0.00    0.00    4.04    0.00    0.00    0.00    0.00    0.00    0.00   95.96
04:38:04 PM   27    1.00    0.00    3.00    0.00    0.00    0.00    0.00    0.00    0.00   96.00
04:38:04 PM   28    1.02    0.00    1.02    0.00    0.00    0.00    0.00    0.00    0.00   97.96
04:38:04 PM   29    0.00    0.00    0.00    0.00    0.00    0.00    0.00    0.00    0.00  100.00
04:38:04 PM   30    0.00    0.00    0.00    0.00    0.00    0.00    0.00    0.00    0.00  100.00
04:38:04 PM   31    1.00    0.00    0.00    0.00    0.00    0.00    0.00    0.00    0.00   99.00

04:38:04 PM  CPU    %usr   %nice    %sys %iowait    %irq   %soft  %steal  %guest  %gnice   %idle
04:38:05 PM  all    0.53    0.00    5.26    0.00    0.00    2.50    0.00    0.00    0.00   91.70
04:38:05 PM    0    1.02    0.00   10.20    0.00    0.00    1.02    0.00    0.00    0.00   87.76
04:38:05 PM    1    0.00    0.00    5.26    0.00    0.00    0.00    0.00    0.00    0.00   94.74
04:38:05 PM    2    1.08    0.00    6.45    0.00    0.00    0.00    0.00    0.00    0.00   92.47
04:38:05 PM    3    0.00    0.00    5.32    0.00    0.00    0.00    0.00    0.00    0.00   94.68
04:38:05 PM    4    0.00    0.00    6.32    0.00    0.00    0.00    0.00    0.00    0.00   93.68
04:38:05 PM    5    1.05    0.00    7.37    0.00    0.00    0.00    0.00    0.00    0.00   91.58
04:38:05 PM    6    0.00    0.00    4.26    0.00    0.00    0.00    0.00    0.00    0.00   95.74
04:38:05 PM    7    0.00    0.00    3.09    0.00    0.00    0.00    0.00    0.00    0.00   96.91
04:38:05 PM    8    0.00    0.00    0.00    0.00    0.00   89.47    0.00    0.00    0.00   10.53
04:38:05 PM    9    0.00    0.00    3.12    0.00    0.00    0.00    0.00    0.00    0.00   96.88
04:38:05 PM   10    0.00    0.00    2.08    0.00    0.00    0.00    0.00    0.00    0.00   97.92
04:38:05 PM   11    1.04    0.00    3.12    0.00    0.00    0.00    0.00    0.00    0.00   95.83
04:38:05 PM   12    0.00    0.00    3.09    0.00    0.00    0.00    0.00    0.00    0.00   96.91
04:38:05 PM   13    1.02    0.00    5.10    0.00    0.00    0.00    0.00    0.00    0.00   93.88
04:38:05 PM   14    0.00    0.00    1.03    0.00    0.00    0.00    0.00    0.00    0.00   98.97
04:38:05 PM   15    0.00    0.00    2.04    0.00    0.00    0.00    0.00    0.00    0.00   97.96
04:38:05 PM   16    1.05    0.00   12.63    0.00    0.00    1.05    0.00    0.00    0.00   85.26
04:38:05 PM   17    1.05    0.00    8.42    0.00    0.00    0.00    0.00    0.00    0.00   90.53
04:38:05 PM   18    1.05    0.00   11.58    0.00    0.00    1.05    0.00    0.00    0.00   86.32
04:38:05 PM   19    1.04    0.00    9.38    0.00    0.00    0.00    0.00    0.00    0.00   89.58
04:38:05 PM   20    1.06    0.00   10.64    0.00    0.00    0.00    0.00    0.00    0.00   88.30
04:38:05 PM   21    1.08    0.00    6.45    0.00    0.00    0.00    0.00    0.00    0.00   92.47
04:38:05 PM   22    0.00    0.00    5.32    0.00    0.00   11.70    0.00    0.00    0.00   82.98
04:38:05 PM   23    0.00    0.00    5.49    0.00    0.00    8.79    0.00    0.00    0.00   85.71
04:38:05 PM   24    1.14    0.00    5.68    0.00    0.00    9.09    0.00    0.00    0.00   84.09
04:38:05 PM   25    1.08    0.00    4.30    0.00    0.00   11.83    0.00    0.00    0.00   82.80
04:38:05 PM   26    1.01    0.00    4.04    0.00    0.00    0.00    0.00    0.00    0.00   94.95
04:38:05 PM   27    1.02    0.00    4.08    0.00    0.00    0.00    0.00    0.00    0.00   94.90
04:38:05 PM   28    0.00    0.00    2.04    0.00    0.00    0.00    0.00    0.00    0.00   97.96
04:38:05 PM   29    1.01    0.00    4.04    0.00    0.00    0.00    0.00    0.00    0.00   94.95
04:38:05 PM   30    0.00    0.00    2.04    0.00    0.00    0.00    0.00    0.00    0.00   97.96
04:38:05 PM   31    0.00    0.00    2.04    0.00    0.00    0.00    0.00    0.00    0.00   97.96

04:38:05 PM  CPU    %usr   %nice    %sys %iowait    %irq   %soft  %steal  %guest  %gnice   %idle
04:38:06 PM  all    0.66    0.00    4.67    0.00    0.00    2.75    0.00    0.00    0.00   91.92
04:38:06 PM    0    1.03    0.00   10.31    0.00    0.00    2.06    0.00    0.00    0.00   86.60
04:38:06 PM    1    1.05    0.00    8.42    0.00    0.00    1.05    0.00    0.00    0.00   89.47
04:38:06 PM    2    1.09    0.00    7.61    0.00    0.00    0.00    0.00    0.00    0.00   91.30
04:38:06 PM    3    2.11    0.00    8.42    0.00    0.00    0.00    0.00    0.00    0.00   89.47
04:38:06 PM    4    2.06    0.00    9.28    0.00    0.00    1.03    0.00    0.00    0.00   87.63
04:38:06 PM    5    1.03    0.00    7.22    0.00    0.00    1.03    0.00    0.00    0.00   90.72
04:38:06 PM    6    1.06    0.00    6.38    0.00    0.00    0.00    0.00    0.00    0.00   92.55
04:38:06 PM    7    1.06    0.00    5.32    0.00    0.00    0.00    0.00    0.00    0.00   93.62
04:38:06 PM    8    0.00    0.00    0.00    0.00    0.00   92.45    0.00    0.00    0.00    7.55
04:38:06 PM    9    0.00    0.00    1.00    0.00    0.00    0.00    0.00    0.00    0.00   99.00
04:38:06 PM   10    0.00    0.00    0.00    0.00    0.00    0.00    0.00    0.00    0.00  100.00
04:38:06 PM   11    0.00    0.00    1.00    0.00    0.00    0.00    0.00    0.00    0.00   99.00
04:38:06 PM   12    0.00    0.00    1.00    0.00    0.00    0.00    0.00    0.00    0.00   99.00
04:38:06 PM   13    0.00    0.00    1.01    0.00    0.00    0.00    0.00    0.00    0.00   98.99
04:38:06 PM   14    0.00    0.00    0.00    0.00    0.00    0.00    0.00    0.00    0.00  100.00
04:38:06 PM   15    0.00    0.00    1.01    0.00    0.00    0.00    0.00    0.00    0.00   98.99
04:38:06 PM   16    2.13    0.00   13.83    0.00    0.00    0.00    0.00    0.00    0.00   84.04
04:38:06 PM   17    1.10    0.00    7.69    0.00    0.00    0.00    0.00    0.00    0.00   91.21
04:38:06 PM   18    2.25    0.00   13.48    0.00    0.00    0.00    0.00    0.00    0.00   84.27
04:38:06 PM   19    1.09    0.00    7.61    0.00    0.00    0.00    0.00    0.00    0.00   91.30
04:38:06 PM   20    1.06    0.00   10.64    0.00    0.00    1.06    0.00    0.00    0.00   87.23
04:38:06 PM   21    0.00    0.00    9.78    0.00    0.00    0.00    0.00    0.00    0.00   90.22
04:38:06 PM   22    1.09    0.00    5.43    0.00    0.00    8.70    0.00    0.00    0.00   84.78
04:38:06 PM   23    1.06    0.00    6.38    0.00    0.00    9.57    0.00    0.00    0.00   82.98
04:38:06 PM   24    0.00    0.00    2.38    0.00    0.00    4.76    0.00    0.00    0.00   92.86
04:38:06 PM   25    1.11    0.00    2.22    0.00    0.00    7.78    0.00    0.00    0.00   88.89
04:38:06 PM   26    0.00    0.00    2.00    0.00    0.00    0.00    0.00    0.00    0.00   98.00
04:38:06 PM   27    0.00    0.00    1.00    0.00    0.00    0.00    0.00    0.00    0.00   99.00
04:38:06 PM   28    0.00    0.00    0.00    0.00    0.00    0.00    0.00    0.00    0.00  100.00
04:38:06 PM   29    0.00    0.00    0.00    0.00    0.00    0.00    0.00    0.00    0.00  100.00
04:38:06 PM   30    0.00    0.00    0.00    0.00    0.00    0.00    0.00    0.00    0.00  100.00
04:38:06 PM   31    0.00    0.00    0.00    0.00    0.00    0.00    0.00    0.00    0.00  100.00

04:38:06 PM  CPU    %usr   %nice    %sys %iowait    %irq   %soft  %steal  %guest  %gnice   %idle
04:38:07 PM  all    0.80    0.00    5.48    0.00    0.00    2.66    0.00    0.00    0.00   91.07
04:38:07 PM    0    1.03    0.00    5.15    0.00    0.00    0.00    0.00    0.00    0.00   93.81
04:38:07 PM    1    2.02    0.00   11.11    0.00    0.00    1.01    0.00    0.00    0.00   85.86
04:38:07 PM    2    1.04    0.00    9.38    0.00    0.00    0.00    0.00    0.00    0.00   89.58
04:38:07 PM    3    1.04    0.00    7.29    0.00    0.00    0.00    0.00    0.00    0.00   91.67
04:38:07 PM    4    1.04    0.00   12.50    0.00    0.00    0.00    0.00    0.00    0.00   86.46
04:38:07 PM    5    1.05    0.00    7.37    0.00    0.00    0.00    0.00    0.00    0.00   91.58
04:38:07 PM    6    1.03    0.00    6.19    0.00    0.00    0.00    0.00    0.00    0.00   92.78
04:38:07 PM    7    0.00    0.00    5.21    0.00    0.00    0.00    0.00    0.00    0.00   94.79
04:38:07 PM    8    0.00    0.00    0.00    0.00    0.00   92.50    0.00    0.00    0.00    7.50
04:38:07 PM    9    1.02    0.00    1.02    0.00    0.00    0.00    0.00    0.00    0.00   97.96
04:38:07 PM   10    1.04    0.00    4.17    0.00    0.00    0.00    0.00    0.00    0.00   94.79
04:38:07 PM   11    0.00    0.00    3.12    0.00    0.00    0.00    0.00    0.00    0.00   96.88
04:38:07 PM   12    1.02    0.00    2.04    0.00    0.00    0.00    0.00    0.00    0.00   96.94
04:38:07 PM   13    0.00    0.00    2.06    0.00    0.00    0.00    0.00    0.00    0.00   97.94
04:38:07 PM   14    0.00    0.00    3.09    0.00    0.00    0.00    0.00    0.00    0.00   96.91
04:38:07 PM   15    1.02    0.00    2.04    0.00    0.00    0.00    0.00    0.00    0.00   96.94
04:38:07 PM   16    1.10    0.00   12.09    0.00    0.00    0.00    0.00    0.00    0.00   86.81
04:38:07 PM   17    1.05    0.00    6.32    0.00    0.00    0.00    0.00    0.00    0.00   92.63
04:38:07 PM   18    1.03    0.00    7.22    0.00    0.00    0.00    0.00    0.00    0.00   91.75
04:38:07 PM   19    0.00    0.00    7.14    0.00    0.00    1.02    0.00    0.00    0.00   91.84
04:38:07 PM   20    1.09    0.00    8.70    0.00    0.00    0.00    0.00    0.00    0.00   90.22
04:38:07 PM   21    1.04    0.00    7.29    0.00    0.00    0.00    0.00    0.00    0.00   91.67
04:38:07 PM   22    0.00    0.00    3.19    0.00    0.00   13.83    0.00    0.00    0.00   82.98
04:38:07 PM   23    0.00    0.00    4.35    0.00    0.00   10.87    0.00    0.00    0.00   84.78
04:38:07 PM   24    1.19    0.00    4.76    0.00    0.00    9.52    0.00    0.00    0.00   84.52
04:38:07 PM   25    1.06    0.00    6.38    0.00    0.00   10.64    0.00    0.00    0.00   81.91
04:38:07 PM   26    1.03    0.00    4.12    0.00    0.00    0.00    0.00    0.00    0.00   94.85
04:38:07 PM   27    1.01    0.00    5.05    0.00    0.00    0.00    0.00    0.00    0.00   93.94
04:38:07 PM   28    1.02    0.00    3.06    0.00    0.00    0.00    0.00    0.00    0.00   95.92
04:38:07 PM   29    1.03    0.00    6.19    0.00    0.00    0.00    0.00    0.00    0.00   92.78
04:38:07 PM   30    0.00    0.00    3.06    0.00    0.00    0.00    0.00    0.00    0.00   96.94
04:38:07 PM   31    1.02    0.00    2.04    0.00    0.00    0.00    0.00    0.00    0.00   96.94

04:38:07 PM  CPU    %usr   %nice    %sys %iowait    %irq   %soft  %steal  %guest  %gnice   %idle
04:38:08 PM  all    0.60    0.00    4.61    0.00    0.00    2.22    0.00    0.00    0.00   92.57
04:38:08 PM    0    1.08    0.00    8.60    0.00    0.00    1.08    0.00    0.00    0.00   89.25
04:38:08 PM    1    0.00    0.00    8.51    0.00    0.00    1.06    0.00    0.00    0.00   90.43
04:38:08 PM    2    1.05    0.00    6.32    0.00    0.00    1.05    0.00    0.00    0.00   91.58
04:38:08 PM    3    1.08    0.00    6.45    0.00    0.00    0.00    0.00    0.00    0.00   92.47
04:38:08 PM    4    2.13    0.00   11.70    0.00    0.00    1.06    0.00    0.00    0.00   85.11
04:38:08 PM    5    1.09    0.00    7.61    0.00    0.00    0.00    0.00    0.00    0.00   91.30
04:38:08 PM    6    0.00    0.00    6.45    0.00    0.00    0.00    0.00    0.00    0.00   93.55
04:38:08 PM    7    1.04    0.00    6.25    0.00    0.00    0.00    0.00    0.00    0.00   92.71
04:38:08 PM    8    0.00    0.00    0.00    0.00    0.00   72.92    0.00    0.00    0.00   27.08
04:38:08 PM    9    0.00    0.00    0.99    0.00    0.00    0.00    0.00    0.00    0.00   99.01
04:38:08 PM   10    0.00    0.00    0.00    0.00    0.00    0.00    0.00    0.00    0.00  100.00
04:38:08 PM   11    0.00    0.00    0.00    0.00    0.00    0.00    0.00    0.00    0.00  100.00
04:38:08 PM   12    0.00    0.00    0.00    0.00    0.00    0.00    0.00    0.00    0.00  100.00
04:38:08 PM   13    0.00    0.00    0.00    0.00    0.00    0.00    0.00    0.00    0.00  100.00
04:38:08 PM   14    0.00    0.00    0.00    0.00    0.00    0.00    0.00    0.00    0.00  100.00
04:38:08 PM   15    0.00    0.00    0.00    0.00    0.00    0.00    0.00    0.00    0.00  100.00
04:38:08 PM   16    2.08    0.00   16.67    0.00    0.00    1.04    0.00    0.00    0.00   80.21
04:38:08 PM   17    1.09    0.00    6.52    0.00    0.00    0.00    0.00    0.00    0.00   92.39
04:38:08 PM   18    2.20    0.00   13.19    0.00    0.00    0.00    0.00    0.00    0.00   84.62
04:38:08 PM   19    1.09    0.00   11.96    0.00    0.00    0.00    0.00    0.00    0.00   86.96
04:38:08 PM   20    1.06    0.00    8.51    0.00    0.00    0.00    0.00    0.00    0.00   90.43
04:38:08 PM   21    1.08    0.00   10.75    0.00    0.00    1.08    0.00    0.00    0.00   87.10
04:38:08 PM   22    1.08    0.00    6.45    0.00    0.00    8.60    0.00    0.00    0.00   83.87
04:38:08 PM   23    1.06    0.00    6.38    0.00    0.00   10.64    0.00    0.00    0.00   81.91
04:38:08 PM   24    0.00    0.00    1.22    0.00    0.00    2.44    0.00    0.00    0.00   96.34
04:38:08 PM   25    0.00    0.00    2.27    0.00    0.00    6.82    0.00    0.00    0.00   90.91
04:38:08 PM   26    0.98    0.00    1.96    0.00    0.00    0.00    0.00    0.00    0.00   97.06
04:38:08 PM   27    0.00    0.00    0.00    0.00    0.00    0.00    0.00    0.00    0.00  100.00
04:38:08 PM   28    0.00    0.00    0.00    0.00    0.00    0.00    0.00    0.00    0.00  100.00
04:38:08 PM   29    0.00    0.00    0.00    0.00    0.00    0.00    0.00    0.00    0.00  100.00
04:38:08 PM   30    0.00    0.00    0.00    0.00    0.00    0.00    0.00    0.00    0.00  100.00
04:38:08 PM   31    0.00    0.00    0.00    0.00    0.00    0.00    0.00    0.00    0.00  100.00

04:38:08 PM  CPU    %usr   %nice    %sys %iowait    %irq   %soft  %steal  %guest  %gnice   %idle
04:38:09 PM  all    0.68    0.00    4.42    0.00    0.00    1.55    0.00    0.00    0.00   93.35
04:38:09 PM    0    2.06    0.00   14.43    0.00    0.00    1.03    0.00    0.00    0.00   82.47
04:38:09 PM    1    1.02    0.00    8.16    0.00    0.00    0.00    0.00    0.00    0.00   90.82
04:38:09 PM    2    1.02    0.00   12.24    0.00    0.00    0.00    0.00    0.00    0.00   86.73
04:38:09 PM    3    1.00    0.00    6.00    0.00    0.00    0.00    0.00    0.00    0.00   93.00
04:38:09 PM    4    2.04    0.00   15.31    0.00    0.00    0.00    0.00    0.00    0.00   82.65
04:38:09 PM    5    1.03    0.00    6.19    0.00    0.00    0.00    0.00    0.00    0.00   92.78
04:38:09 PM    6    1.01    0.00    2.02    0.00    0.00    0.00    0.00    0.00    0.00   96.97
04:38:09 PM    7    0.00    0.00    3.03    0.00    0.00    1.01    0.00    0.00    0.00   95.96
04:38:09 PM    8    0.00    0.00    1.00    0.00    0.00    0.00    0.00    0.00    0.00   99.00
04:38:09 PM    9    0.00    0.00    3.06    0.00    0.00    0.00    0.00    0.00    0.00   96.94
04:38:09 PM   10    0.00    0.00    1.00    0.00    0.00    0.00    0.00    0.00    0.00   99.00
04:38:09 PM   11    0.00    0.00    0.00    0.00    0.00    0.00    0.00    0.00    0.00  100.00
04:38:09 PM   12    0.00    0.00    0.00    0.00    0.00    0.00    0.00    0.00    0.00  100.00
04:38:09 PM   13    0.00    0.00    2.02    0.00    0.00    0.00    0.00    0.00    0.00   97.98
04:38:09 PM   14    0.99    0.00    0.99    0.00    0.00    0.00    0.00    0.00    0.00   98.02
04:38:09 PM   15    0.00    0.00    0.00    0.00    0.00    0.00    0.00    0.00    0.00  100.00
04:38:09 PM   16    1.01    0.00    5.05    0.00    0.00    1.01    0.00    0.00    0.00   92.93
04:38:09 PM   17    0.00    0.00    2.00    0.00    0.00    0.00    0.00    0.00    0.00   98.00
04:38:09 PM   18    2.02    0.00   12.12    0.00    0.00    1.01    0.00    0.00    0.00   84.85
04:38:09 PM   19    1.00    0.00    6.00    0.00    0.00    0.00    0.00    0.00    0.00   93.00
04:38:09 PM   20    2.04    0.00   16.33    0.00    0.00    1.02    0.00    0.00    0.00   80.61
04:38:09 PM   21    1.00    0.00    5.00    0.00    0.00    0.00    0.00    0.00    0.00   94.00
04:38:09 PM   22    0.00    0.00    0.00    0.00    0.00   23.71    0.00    0.00    0.00   76.29
04:38:09 PM   23    0.00    0.00    2.50    0.00    0.00    5.00    0.00    0.00    0.00   92.50
04:38:09 PM   24    1.45    0.00    5.80    0.00    0.00    8.70    0.00    0.00    0.00   84.06
04:38:09 PM   25    2.63    0.00    6.58    0.00    0.00   13.16    0.00    0.00    0.00   77.63
04:38:09 PM   26    1.02    0.00    6.12    0.00    0.00    0.00    0.00    0.00    0.00   92.86
04:38:09 PM   27    0.00    0.00    0.00    0.00    0.00    0.00    0.00    0.00    0.00  100.00
04:38:09 PM   28    0.00    0.00    0.00    0.00    0.00    0.00    0.00    0.00    0.00  100.00
04:38:09 PM   29    0.00    0.00    0.00    0.00    0.00    0.00    0.00    0.00    0.00  100.00
04:38:09 PM   30    0.00    0.00    0.00    0.00    0.00    0.00    0.00    0.00    0.00  100.00
04:38:09 PM   31    0.00    0.00    0.00    0.00    0.00    0.00    0.00    0.00    0.00  100.00

04:38:09 PM  CPU    %usr   %nice    %sys %iowait    %irq   %soft  %steal  %guest  %gnice   %idle
04:38:10 PM  all    0.58    0.00    4.65    0.00    0.00    1.48    0.00    0.00    0.00   93.29
04:38:10 PM    0    1.01    0.00   14.14    0.00    0.00    2.02    0.00    0.00    0.00   82.83
04:38:10 PM    1    2.04    0.00   12.24    0.00    0.00    0.00    0.00    0.00    0.00   85.71
04:38:10 PM    2    2.06    0.00   14.43    0.00    0.00    1.03    0.00    0.00    0.00   82.47
04:38:10 PM    3    2.00    0.00   12.00    0.00    0.00    1.00    0.00    0.00    0.00   85.00
04:38:10 PM    4    1.01    0.00   14.14    0.00    0.00    1.01    0.00    0.00    0.00   83.84
04:38:10 PM    5    1.00    0.00    7.00    0.00    0.00    0.00    0.00    0.00    0.00   92.00
04:38:10 PM    6    0.00    0.00    4.04    0.00    0.00    0.00    0.00    0.00    0.00   95.96
04:38:10 PM    7    0.00    0.00    1.00    0.00    0.00    0.00    0.00    0.00    0.00   99.00
04:38:10 PM    8    1.00    0.00    3.00    0.00    0.00    0.00    0.00    0.00    0.00   96.00
04:38:10 PM    9    0.99    0.00    5.94    0.00    0.00    0.00    0.00    0.00    0.00   93.07
04:38:10 PM   10    0.00    0.00    0.00    0.00    0.00    0.00    0.00    0.00    0.00  100.00
04:38:10 PM   11    2.02    0.00    7.07    0.00    0.00    0.00    0.00    0.00    0.00   90.91
04:38:10 PM   12    0.00    0.00    0.00    0.00    0.00    0.00    0.00    0.00    0.00  100.00
04:38:10 PM   13    0.00    0.00    0.00    0.00    0.00    0.00    0.00    0.00    0.00  100.00
04:38:10 PM   14    0.00    0.00    0.00    0.00    0.00    0.00    0.00    0.00    0.00  100.00
04:38:10 PM   15    0.00    0.00    0.00    0.00    0.00    0.00    0.00    0.00    0.00  100.00
04:38:10 PM   16    1.02    0.00   20.41    0.00    0.00    3.06    0.00    0.00    0.00   75.51
04:38:10 PM   17    0.00    0.00    3.06    0.00    0.00    1.02    0.00    0.00    0.00   95.92
04:38:10 PM   18    0.00    0.00    0.00    0.00    0.00    0.00    0.00    0.00    0.00  100.00
04:38:10 PM   19    0.00    0.00    0.00    0.00    0.00    0.00    0.00    0.00    0.00  100.00
04:38:10 PM   20    1.03    0.00   16.49    0.00    0.00    1.03    0.00    0.00    0.00   81.44
04:38:10 PM   21    0.00    0.00    1.00    0.00    0.00    0.00    0.00    0.00    0.00   99.00
04:38:10 PM   22    0.00    0.00    0.00    0.00    0.00   22.92    0.00    0.00    0.00   77.08
04:38:10 PM   23    0.00    0.00    1.28    0.00    0.00    5.13    0.00    0.00    0.00   93.59
04:38:10 PM   24    1.43    0.00    4.29    0.00    0.00    7.14    0.00    0.00    0.00   87.14
04:38:10 PM   25    1.41    0.00    4.23    0.00    0.00    7.04    0.00    0.00    0.00   87.32
04:38:10 PM   26    1.00    0.00    3.00    0.00    0.00    0.00    0.00    0.00    0.00   96.00
04:38:10 PM   27    0.00    0.00    0.00    0.00    0.00    0.00    0.00    0.00    0.00  100.00
04:38:10 PM   28    0.00    0.00    0.00    0.00    0.00    0.00    0.00    0.00    0.00  100.00
04:38:10 PM   29    0.00    0.00    0.00    0.00    0.00    0.00    0.00    0.00    0.00  100.00
04:38:10 PM   30    0.00    0.00    0.00    0.00    0.00    0.00    0.00    0.00    0.00  100.00
04:38:10 PM   31    0.00    0.00    0.00    0.00    0.00    0.00    0.00    0.00    0.00  100.00

04:38:10 PM  CPU    %usr   %nice    %sys %iowait    %irq   %soft  %steal  %guest  %gnice   %idle
04:38:11 PM  all    0.55    0.00    4.75    0.00    0.00    1.42    0.00    0.00    0.00   93.28
04:38:11 PM    0    1.02    0.00   16.33    0.00    0.00    1.02    0.00    0.00    0.00   81.63
04:38:11 PM    1    2.02    0.00   14.14    0.00    0.00    1.01    0.00    0.00    0.00   82.83
04:38:11 PM    2    2.02    0.00   14.14    0.00    0.00    1.01    0.00    0.00    0.00   82.83
04:38:11 PM    3    1.98    0.00   15.84    0.00    0.00    0.00    0.00    0.00    0.00   82.18
04:38:11 PM    4    1.02    0.00   21.43    0.00    0.00    1.02    0.00    0.00    0.00   76.53
04:38:11 PM    5    2.06    0.00   10.31    0.00    0.00    1.03    0.00    0.00    0.00   86.60
04:38:11 PM    6    0.00    0.00    5.00    0.00    0.00    1.00    0.00    0.00    0.00   94.00
04:38:11 PM    7    0.99    0.00    3.96    0.00    0.00    0.00    0.00    0.00    0.00   95.05
04:38:11 PM    8    0.00    0.00    0.00    0.00    0.00    0.00    0.00    0.00    0.00  100.00
04:38:11 PM    9    0.00    0.00    0.00    0.00    0.00    0.00    0.00    0.00    0.00  100.00
04:38:11 PM   10    0.00    0.00    0.00    0.00    0.00    0.00    0.00    0.00    0.00  100.00
04:38:11 PM   11    0.00    0.00    0.00    0.00    0.00    0.00    0.00    0.00    0.00  100.00
04:38:11 PM   12    0.00    0.00    0.00    0.00    0.00    0.00    0.00    0.00    0.00  100.00
04:38:11 PM   13    0.00    0.00    0.00    0.00    0.00    0.00    0.00    0.00    0.00  100.00
04:38:11 PM   14    0.00    0.00    0.00    0.00    0.00    0.00    0.00    0.00    0.00  100.00
04:38:11 PM   15    0.00    0.00    0.00    0.00    0.00    0.00    0.00    0.00    0.00  100.00
04:38:11 PM   16    3.06    0.00   19.39    0.00    0.00    1.02    0.00    0.00    0.00   76.53
04:38:11 PM   17    0.99    0.00    2.97    0.00    0.00    0.00    0.00    0.00    0.00   96.04
04:38:11 PM   18    1.00    0.00   13.00    0.00    0.00    2.00    0.00    0.00    0.00   84.00
04:38:11 PM   19    0.00    0.00    0.00    0.00    0.00    0.00    0.00    0.00    0.00  100.00
04:38:11 PM   20    1.01    0.00    9.09    0.00    0.00    0.00    0.00    0.00    0.00   89.90
04:38:11 PM   21    0.00    0.00    0.00    0.00    0.00    0.00    0.00    0.00    0.00  100.00
04:38:11 PM   22    0.00    0.00    1.02    0.00    0.00   28.57    0.00    0.00    0.00   70.41
04:38:11 PM   23    0.00    0.00    1.27    0.00    0.00    3.80    0.00    0.00    0.00   94.94
04:38:11 PM   24    0.00    0.00    0.00    0.00    0.00    3.08    0.00    0.00    0.00   96.92
04:38:11 PM   25    0.00    0.00    0.00    0.00    0.00    3.12    0.00    0.00    0.00   96.88
04:38:11 PM   26    0.00    0.00    0.99    0.00    0.00    0.00    0.00    0.00    0.00   99.01
04:38:11 PM   27    0.00    0.00    0.00    0.00    0.00    0.00    0.00    0.00    0.00  100.00
04:38:11 PM   28    0.00    0.00    0.00    0.00    0.00    0.00    0.00    0.00    0.00  100.00
04:38:11 PM   29    0.00    0.00    0.00    0.00    0.00    0.00    0.00    0.00    0.00  100.00
04:38:11 PM   30    0.00    0.00    0.00    0.00    0.00    0.00    0.00    0.00    0.00  100.00
04:38:11 PM   31    0.00    0.00    0.00    0.00    0.00    0.00    0.00    0.00    0.00  100.00

Average:     CPU    %usr   %nice    %sys %iowait    %irq   %soft  %steal  %guest  %gnice   %idle
Average:     all    0.73    0.00    4.98    0.00    0.00    2.17    0.00    0.00    0.00   92.12
Average:       0    1.24    0.00   10.94    0.00    0.00    1.34    0.00    0.00    0.00   86.48
Average:       1    1.34    0.00    9.06    0.00    0.00    0.72    0.00    0.00    0.00   88.88
Average:       2    1.25    0.00    9.55    0.00    0.00    0.42    0.00    0.00    0.00   88.79
Average:       3    1.34    0.00    8.32    0.00    0.00    0.21    0.00    0.00    0.00   90.13
Average:       4    1.24    0.00   11.78    0.00    0.00    0.52    0.00    0.00    0.00   86.47
Average:       5    1.04    0.00    6.54    0.00    0.00    0.21    0.00    0.00    0.00   92.21
Average:       6    0.52    0.00    4.13    0.00    0.00    0.10    0.00    0.00    0.00   95.25
Average:       7    0.41    0.00    3.48    0.00    0.00    0.10    0.00    0.00    0.00   96.01
Average:       8    0.18    0.00    0.71    0.00    0.00   40.96    0.00    0.00    0.00   58.16
Average:       9    0.62    0.00    2.98    0.00    0.00    0.00    0.00    0.00    0.00   96.40
Average:      10    0.41    0.00    2.38    0.00    0.00    0.00    0.00    0.00    0.00   97.20
Average:      11    0.72    0.00    4.03    0.00    0.00    0.00    0.00    0.00    0.00   95.25
Average:      12    0.51    0.00    2.26    0.00    0.00    0.00    0.00    0.00    0.00   97.23
Average:      13    0.41    0.00    2.58    0.00    0.00    0.00    0.00    0.00    0.00   97.00
Average:      14    0.41    0.00    1.74    0.00    0.00    0.00    0.00    0.00    0.00   97.85
Average:      15    0.31    0.00    1.54    0.00    0.00    0.00    0.00    0.00    0.00   98.15
Average:      16    1.24    0.00   11.27    0.00    0.00    0.72    0.00    0.00    0.00   86.76
Average:      17    0.62    0.00    4.55    0.00    0.00    0.10    0.00    0.00    0.00   94.72
Average:      18    1.04    0.00    7.76    0.00    0.00    0.41    0.00    0.00    0.00   90.79
Average:      19    0.41    0.00    4.73    0.00    0.00    0.10    0.00    0.00    0.00   94.75
Average:      20    1.04    0.00    9.93    0.00    0.00    0.31    0.00    0.00    0.00   88.71
Average:      21    0.62    0.00    4.75    0.00    0.00    0.10    0.00    0.00    0.00   94.52
Average:      22    0.43    0.00    3.22    0.00    0.00   14.68    0.00    0.00    0.00   81.67
Average:      23    0.34    0.00    3.45    0.00    0.00    7.47    0.00    0.00    0.00   88.74
Average:      24    1.00    0.00    4.87    0.00    0.00    9.49    0.00    0.00    0.00   84.64
Average:      25    1.29    0.00    5.38    0.00    0.00   10.76    0.00    0.00    0.00   82.57
Average:      26    0.81    0.00    3.97    0.00    0.00    0.10    0.00    0.00    0.00   95.12
Average:      27    0.71    0.00    3.96    0.00    0.00    0.10    0.00    0.00    0.00   95.23
Average:      28    0.41    0.00    1.84    0.00    0.00    0.00    0.00    0.00    0.00   97.76
Average:      29    0.52    0.00    3.30    0.00    0.00    0.00    0.00    0.00    0.00   96.19
Average:      30    0.20    0.00    1.22    0.00    0.00    0.00    0.00    0.00    0.00   98.57
Average:      31    0.51    0.00    1.53    0.00    0.00    0.00    0.00    0.00    0.00   97.96
