Linux 7.0.0-22-generic (ms-a2-gateway) 	06/07/2026 	_x86_64_	(32 CPU)

04:37:40 PM  CPU    %usr   %nice    %sys %iowait    %irq   %soft  %steal  %guest  %gnice   %idle
04:37:41 PM  all    1.11    0.00    5.46    0.00    0.00    5.79    0.00    0.00    0.00   87.63
04:37:41 PM    0    2.04    0.00   11.22    0.00    0.00    1.02    0.00    0.00    0.00   85.71
04:37:41 PM    1    1.98    0.00    4.95    0.00    0.00    0.00    0.00    0.00    0.00   93.07
04:37:41 PM    2    1.00    0.00    5.00    0.00    0.00    0.00    0.00    0.00    0.00   94.00
04:37:41 PM    3    1.00    0.00    5.00    0.00    0.00    0.00    0.00    0.00    0.00   94.00
04:37:41 PM    4    3.03    0.00   11.11    0.00    0.00    1.01    0.00    0.00    0.00   84.85
04:37:41 PM    5    0.00    0.00    2.00    0.00    0.00    0.00    0.00    0.00    0.00   98.00
04:37:41 PM    6    0.00    0.00    0.00    0.00    0.00    0.00    0.00    0.00    0.00  100.00
04:37:41 PM    7    0.00    0.00    1.00    0.00    0.00    0.00    0.00    0.00    0.00   99.00
04:37:41 PM    8    0.99    0.00    0.00    0.00    0.00   99.01    0.00    0.00    0.00    0.00
04:37:41 PM    9    2.50    0.00   15.00    0.00    0.00    0.00    0.00    0.00    0.00   82.50
04:37:41 PM   10    2.38    0.00   14.29    0.00    0.00    0.00    0.00    0.00    0.00   83.33
04:37:41 PM   11    2.44    0.00   10.98    0.00    0.00    0.00    0.00    0.00    0.00   86.59
04:37:41 PM   12    3.57    0.00   11.90    0.00    0.00    0.00    0.00    0.00    0.00   84.52
04:37:41 PM   13    2.41    0.00    9.64    0.00    0.00    0.00    0.00    0.00    0.00   87.95
04:37:41 PM   14    1.16    0.00    8.14    0.00    0.00    0.00    0.00    0.00    0.00   90.70
04:37:41 PM   15    1.11    0.00    5.56    0.00    0.00    0.00    0.00    0.00    0.00   93.33
04:37:41 PM   16    0.00    0.00    0.00    0.00    0.00    0.00    0.00    0.00    0.00  100.00
04:37:41 PM   17    0.00    0.00    0.00    0.00    0.00    0.00    0.00    0.00    0.00  100.00
04:37:41 PM   18    0.00    0.00    0.00    0.00    0.00    0.00    0.00    0.00    0.00  100.00
04:37:41 PM   19    0.00    0.00    0.00    0.00    0.00    0.00    0.00    0.00    0.00  100.00
04:37:41 PM   20    0.00    0.00    0.00    0.00    0.00    0.00    0.00    0.00    0.00  100.00
04:37:41 PM   21    0.00    0.00    0.00    0.00    0.00    0.00    0.00    0.00    0.00  100.00
04:37:41 PM   22    1.04    0.00    5.21    0.00    0.00   19.79    0.00    0.00    0.00   73.96
04:37:41 PM   23    1.04    0.00    3.12    0.00    0.00   16.67    0.00    0.00    0.00   79.17
04:37:41 PM   24    2.11    0.00   12.63    0.00    0.00   23.16    0.00    0.00    0.00   62.11
04:37:41 PM   25    2.17    0.00    9.78    0.00    0.00   18.48    0.00    0.00    0.00   69.57
04:37:41 PM   26    1.03    0.00    8.25    0.00    0.00    0.00    0.00    0.00    0.00   90.72
04:37:41 PM   27    3.03    0.00   11.11    0.00    0.00    0.00    0.00    0.00    0.00   85.86
04:37:41 PM   28    0.00    0.00    5.10    0.00    0.00    0.00    0.00    0.00    0.00   94.90
04:37:41 PM   29    1.01    0.00   10.10    0.00    0.00    1.01    0.00    0.00    0.00   87.88
04:37:41 PM   30    0.00    0.00    0.00    0.00    0.00    0.00    0.00    0.00    0.00  100.00
04:37:41 PM   31    0.00    0.00    1.02    0.00    0.00    0.00    0.00    0.00    0.00   98.98

04:37:41 PM  CPU    %usr   %nice    %sys %iowait    %irq   %soft  %steal  %guest  %gnice   %idle
04:37:42 PM  all    1.11    0.00    5.61    0.00    0.00    5.48    0.00    0.00    0.00   87.80
04:37:42 PM    0    3.09    0.00   12.37    0.00    0.00    0.00    0.00    0.00    0.00   84.54
04:37:42 PM    1    0.00    0.00    5.10    0.00    0.00    0.00    0.00    0.00    0.00   94.90
04:37:42 PM    2    0.99    0.00    6.93    0.00    0.00    0.00    0.00    0.00    0.00   92.08
04:37:42 PM    3    0.00    0.00    2.00    0.00    0.00    0.00    0.00    0.00    0.00   98.00
04:37:42 PM    4    3.09    0.00   10.31    0.00    0.00    0.00    0.00    0.00    0.00   86.60
04:37:42 PM    5    0.00    0.00    0.00    0.00    0.00    0.00    0.00    0.00    0.00  100.00
04:37:42 PM    6    0.00    0.00    2.00    0.00    0.00    0.00    0.00    0.00    0.00   98.00
04:37:42 PM    7    0.99    0.00    0.99    0.00    0.00    0.00    0.00    0.00    0.00   98.02
04:37:42 PM    8    1.01    0.00    0.00    0.00    0.00   98.99    0.00    0.00    0.00    0.00
04:37:42 PM    9    2.41    0.00   12.05    0.00    0.00    0.00    0.00    0.00    0.00   85.54
04:37:42 PM   10    3.45    0.00   12.64    0.00    0.00    0.00    0.00    0.00    0.00   83.91
04:37:42 PM   11    2.27    0.00   13.64    0.00    0.00    0.00    0.00    0.00    0.00   84.09
04:37:42 PM   12    2.33    0.00   10.47    0.00    0.00    0.00    0.00    0.00    0.00   87.21
04:37:42 PM   13    1.16    0.00    8.14    0.00    0.00    0.00    0.00    0.00    0.00   90.70
04:37:42 PM   14    2.27    0.00    6.82    0.00    0.00    1.14    0.00    0.00    0.00   89.77
04:37:42 PM   15    2.22    0.00   10.00    0.00    0.00    0.00    0.00    0.00    0.00   87.78
04:37:42 PM   16    0.00    0.00    0.00    0.00    0.00    0.00    0.00    0.00    0.00  100.00
04:37:42 PM   17    0.00    0.00    0.00    0.00    0.00    0.00    0.00    0.00    0.00  100.00
04:37:42 PM   18    0.00    0.00    0.00    0.00    0.00    0.00    0.00    0.00    0.00  100.00
04:37:42 PM   19    0.00    0.00    0.00    0.00    0.00    0.00    0.00    0.00    0.00  100.00
04:37:42 PM   20    0.00    0.00    0.00    0.00    0.00    0.00    0.00    0.00    0.00  100.00
04:37:42 PM   21    0.00    0.00    0.00    0.00    0.00    0.00    0.00    0.00    0.00  100.00
04:37:42 PM   22    1.03    0.00    4.12    0.00    0.00   15.46    0.00    0.00    0.00   79.38
04:37:42 PM   23    1.03    0.00    4.12    0.00    0.00   15.46    0.00    0.00    0.00   79.38
04:37:42 PM   24    1.12    0.00    7.87    0.00    0.00   23.60    0.00    0.00    0.00   67.42
04:37:42 PM   25    1.10    0.00    6.59    0.00    0.00   18.68    0.00    0.00    0.00   73.63
04:37:42 PM   26    2.02    0.00   11.11    0.00    0.00    1.01    0.00    0.00    0.00   85.86
04:37:42 PM   27    1.03    0.00   14.43    0.00    0.00    0.00    0.00    0.00    0.00   84.54
04:37:42 PM   28    2.00    0.00    7.00    0.00    0.00    0.00    0.00    0.00    0.00   91.00
04:37:42 PM   29    2.08    0.00   11.46    0.00    0.00    0.00    0.00    0.00    0.00   86.46
04:37:42 PM   30    0.00    0.00    3.03    0.00    0.00    0.00    0.00    0.00    0.00   96.97
04:37:42 PM   31    0.00    0.00    2.02    0.00    0.00    0.00    0.00    0.00    0.00   97.98

04:37:42 PM  CPU    %usr   %nice    %sys %iowait    %irq   %soft  %steal  %guest  %gnice   %idle
04:37:43 PM  all    1.11    0.00    5.97    0.00    0.00    5.38    0.00    0.00    0.00   87.54
04:37:43 PM    0    2.04    0.00   13.27    0.00    0.00    1.02    0.00    0.00    0.00   83.67
04:37:43 PM    1    0.00    0.00    3.00    0.00    0.00    1.00    0.00    0.00    0.00   96.00
04:37:43 PM    2    1.98    0.00   10.89    0.00    0.00    0.00    0.00    0.00    0.00   87.13
04:37:43 PM    3    1.01    0.00    3.03    0.00    0.00    0.00    0.00    0.00    0.00   95.96
04:37:43 PM    4    2.04    0.00   12.24    0.00    0.00    0.00    0.00    0.00    0.00   85.71
04:37:43 PM    5    1.00    0.00    3.00    0.00    0.00    0.00    0.00    0.00    0.00   96.00
04:37:43 PM    6    0.00    0.00    0.00    0.00    0.00    0.00    0.00    0.00    0.00  100.00
04:37:43 PM    7    0.00    0.00    1.01    0.00    0.00    0.00    0.00    0.00    0.00   98.99
04:37:43 PM    8    0.00    0.00    0.00    0.00    0.00  100.00    0.00    0.00    0.00    0.00
04:37:43 PM    9    3.33    0.00   13.33    0.00    0.00    1.11    0.00    0.00    0.00   82.22
04:37:43 PM   10    1.16    0.00   11.63    0.00    0.00    0.00    0.00    0.00    0.00   87.21
04:37:43 PM   11    2.33    0.00    9.30    0.00    0.00    0.00    0.00    0.00    0.00   88.37
04:37:43 PM   12    1.16    0.00   12.79    0.00    0.00    0.00    0.00    0.00    0.00   86.05
04:37:43 PM   13    2.27    0.00   11.36    0.00    0.00    0.00    0.00    0.00    0.00   86.36
04:37:43 PM   14    2.22    0.00   10.00    0.00    0.00    0.00    0.00    0.00    0.00   87.78
04:37:43 PM   15    1.11    0.00    7.78    0.00    0.00    0.00    0.00    0.00    0.00   91.11
04:37:43 PM   16    0.00    0.00    0.00    0.00    0.00    0.00    0.00    0.00    0.00  100.00
04:37:43 PM   17    0.00    0.00    0.00    0.00    0.00    0.00    0.00    0.00    0.00  100.00
04:37:43 PM   18    0.00    0.00    0.00    0.00    0.00    0.00    0.00    0.00    0.00  100.00
04:37:43 PM   19    0.00    0.00    0.00    0.00    0.00    0.00    0.00    0.00    0.00  100.00
04:37:43 PM   20    0.00    0.00    0.00    0.00    0.00    0.00    0.00    0.00    0.00  100.00
04:37:43 PM   21    0.00    0.00    0.00    0.00    0.00    0.00    0.00    0.00    0.00  100.00
04:37:43 PM   22    1.03    0.00    2.06    0.00    0.00   16.49    0.00    0.00    0.00   80.41
04:37:43 PM   23    1.03    0.00    3.09    0.00    0.00   17.53    0.00    0.00    0.00   78.35
04:37:43 PM   24    1.27    0.00    2.53    0.00    0.00   11.39    0.00    0.00    0.00   84.81
04:37:43 PM   25    1.08    0.00    6.45    0.00    0.00   20.43    0.00    0.00    0.00   72.04
04:37:43 PM   26    2.11    0.00   10.53    0.00    0.00    0.00    0.00    0.00    0.00   87.37
04:37:43 PM   27    3.06    0.00   13.27    0.00    0.00    0.00    0.00    0.00    0.00   83.67
04:37:43 PM   28    1.11    0.00   11.11    0.00    0.00    0.00    0.00    0.00    0.00   87.78
04:37:43 PM   29    2.06    0.00   11.34    0.00    0.00    0.00    0.00    0.00    0.00   86.60
04:37:43 PM   30    1.05    0.00    5.26    0.00    0.00    0.00    0.00    0.00    0.00   93.68
04:37:43 PM   31    1.02    0.00    7.14    0.00    0.00    0.00    0.00    0.00    0.00   91.84

04:37:43 PM  CPU    %usr   %nice    %sys %iowait    %irq   %soft  %steal  %guest  %gnice   %idle
04:37:44 PM  all    1.25    0.00    5.96    0.00    0.00    5.27    0.00    0.00    0.00   87.52
04:37:44 PM    0    2.04    0.00   13.27    0.00    0.00    1.02    0.00    0.00    0.00   83.67
04:37:44 PM    1    1.01    0.00    6.06    0.00    0.00    0.00    0.00    0.00    0.00   92.93
04:37:44 PM    2    2.02    0.00    7.07    0.00    0.00    0.00    0.00    0.00    0.00   90.91
04:37:44 PM    3    0.00    0.00    0.00    0.00    0.00    0.00    0.00    0.00    0.00  100.00
04:37:44 PM    4    3.06    0.00   12.24    0.00    0.00    1.02    0.00    0.00    0.00   83.67
04:37:44 PM    5    0.00    0.00    3.00    0.00    0.00    0.00    0.00    0.00    0.00   97.00
04:37:44 PM    6    0.00    0.00    0.00    0.00    0.00    0.00    0.00    0.00    0.00  100.00
04:37:44 PM    7    0.00    0.00    1.01    0.00    0.00    0.00    0.00    0.00    0.00   98.99
04:37:44 PM    8    1.00    0.00    0.00    0.00    0.00   99.00    0.00    0.00    0.00    0.00
04:37:44 PM    9    2.30    0.00   13.79    0.00    0.00    0.00    0.00    0.00    0.00   83.91
04:37:44 PM   10    2.27    0.00   11.36    0.00    0.00    1.14    0.00    0.00    0.00   85.23
04:37:44 PM   11    3.41    0.00   11.36    0.00    0.00    0.00    0.00    0.00    0.00   85.23
04:37:44 PM   12    3.37    0.00   12.36    0.00    0.00    0.00    0.00    0.00    0.00   84.27
04:37:44 PM   13    2.27    0.00   11.36    0.00    0.00    0.00    0.00    0.00    0.00   86.36
04:37:44 PM   14    2.25    0.00   10.11    0.00    0.00    0.00    0.00    0.00    0.00   87.64
04:37:44 PM   15    2.30    0.00    8.05    0.00    0.00    0.00    0.00    0.00    0.00   89.66
04:37:44 PM   16    0.00    0.00    0.00    0.00    0.00    0.00    0.00    0.00    0.00  100.00
04:37:44 PM   17    0.00    0.00    0.00    0.00    0.00    0.00    0.00    0.00    0.00  100.00
04:37:44 PM   18    0.00    0.00    0.00    0.00    0.00    0.00    0.00    0.00    0.00  100.00
04:37:44 PM   19    0.00    0.00    0.00    0.00    0.00    0.00    0.00    0.00    0.00  100.00
04:37:44 PM   20    0.00    0.00    0.00    0.00    0.00    0.00    0.00    0.00    0.00  100.00
04:37:44 PM   21    0.00    0.00    0.00    0.00    0.00    0.00    0.00    0.00    0.00  100.00
04:37:44 PM   22    0.00    0.00    1.02    0.00    0.00   18.37    0.00    0.00    0.00   80.61
04:37:44 PM   23    2.04    0.00    5.10    0.00    0.00   18.37    0.00    0.00    0.00   74.49
04:37:44 PM   24    1.25    0.00    1.25    0.00    0.00    5.00    0.00    0.00    0.00   92.50
04:37:44 PM   25    2.25    0.00    6.74    0.00    0.00   19.10    0.00    0.00    0.00   71.91
04:37:44 PM   26    2.13    0.00   11.70    0.00    0.00    0.00    0.00    0.00    0.00   86.17
04:37:44 PM   27    2.08    0.00   11.46    0.00    0.00    1.04    0.00    0.00    0.00   85.42
04:37:44 PM   28    2.15    0.00   12.90    0.00    0.00    0.00    0.00    0.00    0.00   84.95
04:37:44 PM   29    1.05    0.00   10.53    0.00    0.00    0.00    0.00    0.00    0.00   88.42
04:37:44 PM   30    0.00    0.00    5.49    0.00    0.00    0.00    0.00    0.00    0.00   94.51
04:37:44 PM   31    1.04    0.00    8.33    0.00    0.00    0.00    0.00    0.00    0.00   90.62

04:37:44 PM  CPU    %usr   %nice    %sys %iowait    %irq   %soft  %steal  %guest  %gnice   %idle
04:37:45 PM  all    1.25    0.00    6.21    0.00    0.00    5.16    0.00    0.00    0.00   87.39
04:37:45 PM    0    3.03    0.00   11.11    0.00    0.00    2.02    0.00    0.00    0.00   83.84
04:37:45 PM    1    1.01    0.00    5.05    0.00    0.00    0.00    0.00    0.00    0.00   93.94
04:37:45 PM    2    1.00    0.00    3.00    0.00    0.00    0.00    0.00    0.00    0.00   96.00
04:37:45 PM    3    0.00    0.00    4.04    0.00    0.00    0.00    0.00    0.00    0.00   95.96
04:37:45 PM    4    2.02    0.00   15.15    0.00    0.00    0.00    0.00    0.00    0.00   82.83
04:37:45 PM    5    1.00    0.00    3.00    0.00    0.00    0.00    0.00    0.00    0.00   96.00
04:37:45 PM    6    0.00    0.00    0.00    0.00    0.00    0.00    0.00    0.00    0.00  100.00
04:37:45 PM    7    0.00    0.00    1.00    0.00    0.00    0.00    0.00    0.00    0.00   99.00
04:37:45 PM    8    2.00    0.00    0.00    0.00    0.00   98.00    0.00    0.00    0.00    0.00
04:37:45 PM    9    3.41    0.00   12.50    0.00    0.00    0.00    0.00    0.00    0.00   84.09
04:37:45 PM   10    2.27    0.00   11.36    0.00    0.00    0.00    0.00    0.00    0.00   86.36
04:37:45 PM   11    2.20    0.00   13.19    0.00    0.00    1.10    0.00    0.00    0.00   83.52
04:37:45 PM   12    1.16    0.00   10.47    0.00    0.00    0.00    0.00    0.00    0.00   88.37
04:37:45 PM   13    3.30    0.00   10.99    0.00    0.00    0.00    0.00    0.00    0.00   85.71
04:37:45 PM   14    2.25    0.00   10.11    0.00    0.00    0.00    0.00    0.00    0.00   87.64
04:37:45 PM   15    3.26    0.00   10.87    0.00    0.00    0.00    0.00    0.00    0.00   85.87
04:37:45 PM   16    0.00    0.00    0.00    0.00    0.00    0.00    0.00    0.00    0.00  100.00
04:37:45 PM   17    0.00    0.00    0.00    0.00    0.00    0.00    0.00    0.00    0.00  100.00
04:37:45 PM   18    0.00    0.00    0.00    0.00    0.00    0.00    0.00    0.00    0.00  100.00
04:37:45 PM   19    0.00    0.00    0.00    0.00    0.00    0.00    0.00    0.00    0.00  100.00
04:37:45 PM   20    0.00    0.00    0.00    0.00    0.00    0.00    0.00    0.00    0.00  100.00
04:37:45 PM   21    0.00    0.00    0.00    0.00    0.00    0.00    0.00    0.00    0.00  100.00
04:37:45 PM   22    1.05    0.00    1.05    0.00    0.00   15.79    0.00    0.00    0.00   82.11
04:37:45 PM   23    1.03    0.00    6.19    0.00    0.00   18.56    0.00    0.00    0.00   74.23
04:37:45 PM   24    0.00    0.00    1.28    0.00    0.00    7.69    0.00    0.00    0.00   91.03
04:37:45 PM   25    1.11    0.00    8.89    0.00    0.00   18.89    0.00    0.00    0.00   71.11
04:37:45 PM   26    1.08    0.00   10.75    0.00    0.00    0.00    0.00    0.00    0.00   88.17
04:37:45 PM   27    1.08    0.00   11.83    0.00    0.00    0.00    0.00    0.00    0.00   87.10
04:37:45 PM   28    2.13    0.00   11.70    0.00    0.00    0.00    0.00    0.00    0.00   86.17
04:37:45 PM   29    2.06    0.00   15.46    0.00    0.00    0.00    0.00    0.00    0.00   82.47
04:37:45 PM   30    2.11    0.00    7.37    0.00    0.00    0.00    0.00    0.00    0.00   90.53
04:37:45 PM   31    1.09    0.00    6.52    0.00    0.00    0.00    0.00    0.00    0.00   92.39

04:37:45 PM  CPU    %usr   %nice    %sys %iowait    %irq   %soft  %steal  %guest  %gnice   %idle
04:37:46 PM  all    1.21    0.00    5.51    0.07    0.00    5.38    0.00    0.00    0.00   87.83
04:37:46 PM    0    2.08    0.00   12.50    0.00    0.00    0.00    0.00    0.00    0.00   85.42
04:37:46 PM    1    1.01    0.00    7.07    0.00    0.00    0.00    0.00    0.00    0.00   91.92
04:37:46 PM    2    2.00    0.00    9.00    0.00    0.00    1.00    0.00    0.00    0.00   88.00
04:37:46 PM    3    0.00    0.00    0.00    0.00    0.00    0.00    0.00    0.00    0.00  100.00
04:37:46 PM    4    2.02    0.00   10.10    0.00    0.00    1.01    0.00    0.00    0.00   86.87
04:37:46 PM    5    0.00    0.00    3.96    0.00    0.00    0.00    0.00    0.00    0.00   96.04
04:37:46 PM    6    0.00    0.00    0.00    0.00    0.00    0.00    0.00    0.00    0.00  100.00
04:37:46 PM    7    0.00    0.00    1.98    0.00    0.00    0.00    0.00    0.00    0.00   98.02
04:37:46 PM    8    2.00    0.00    0.00    0.00    0.00   98.00    0.00    0.00    0.00    0.00
04:37:46 PM    9    1.14    0.00   10.23    0.00    0.00    1.14    0.00    0.00    0.00   87.50
04:37:46 PM   10    3.33    0.00   11.11    0.00    0.00    0.00    0.00    0.00    0.00   85.56
04:37:46 PM   11    2.22    0.00   11.11    0.00    0.00    0.00    0.00    0.00    0.00   86.67
04:37:46 PM   12    3.30    0.00   10.99    0.00    0.00    1.10    0.00    0.00    0.00   84.62
04:37:46 PM   13    2.22    0.00   10.00    0.00    0.00    0.00    0.00    0.00    0.00   87.78
04:37:46 PM   14    1.11    0.00    6.67    0.00    0.00    0.00    0.00    0.00    0.00   92.22
04:37:46 PM   15    2.27    0.00    6.82    0.00    0.00    0.00    0.00    0.00    0.00   90.91
04:37:46 PM   16    0.00    0.00    0.00    0.00    0.00    0.00    0.00    0.00    0.00  100.00
04:37:46 PM   17    0.00    0.00    0.00    0.00    0.00    0.00    0.00    0.00    0.00  100.00
04:37:46 PM   18    0.00    0.00    0.00    0.00    0.00    0.00    0.00    0.00    0.00  100.00
04:37:46 PM   19    0.00    0.00    0.00    0.00    0.00    0.00    0.00    0.00    0.00  100.00
04:37:46 PM   20    0.00    0.00    0.00    0.00    0.00    0.00    0.00    0.00    0.00  100.00
04:37:46 PM   21    0.00    0.00    0.00    0.00    0.00    0.00    0.00    0.00    0.00  100.00
04:37:46 PM   22    1.04    0.00    3.12    1.04    0.00   14.58    0.00    0.00    0.00   80.21
04:37:46 PM   23    1.02    0.00    3.06    1.02    0.00   17.35    0.00    0.00    0.00   77.55
04:37:46 PM   24    2.41    0.00    6.02    0.00    0.00   14.46    0.00    0.00    0.00   77.11
04:37:46 PM   25    1.08    0.00    8.60    0.00    0.00   20.43    0.00    0.00    0.00   69.89
04:37:46 PM   26    1.10    0.00    8.79    0.00    0.00    0.00    0.00    0.00    0.00   90.11
04:37:46 PM   27    3.16    0.00   11.58    0.00    0.00    0.00    0.00    0.00    0.00   85.26
04:37:46 PM   28    1.08    0.00    9.68    0.00    0.00    0.00    0.00    0.00    0.00   89.25
04:37:46 PM   29    2.17    0.00    9.78    0.00    0.00    0.00    0.00    0.00    0.00   88.04
04:37:46 PM   30    1.05    0.00    4.21    0.00    0.00    0.00    0.00    0.00    0.00   94.74
04:37:46 PM   31    1.10    0.00    4.40    0.00    0.00    0.00    0.00    0.00    0.00   94.51

04:37:46 PM  CPU    %usr   %nice    %sys %iowait    %irq   %soft  %steal  %guest  %gnice   %idle
04:37:47 PM  all    4.15    0.00    4.79    0.00    0.00    0.96    0.00    0.00    0.00   90.10
04:37:47 PM    0    4.12    0.00   19.59    0.00    0.00    0.00    0.00    0.00    0.00   76.29
04:37:47 PM    1    1.01    0.00    3.03    0.00    0.00    0.00    0.00    0.00    0.00   95.96
04:37:47 PM    2    3.03    0.00   17.17    0.00    0.00    0.00    0.00    0.00    0.00   79.80
04:37:47 PM    3    1.00    0.00    1.00    0.00    0.00    0.00    0.00    0.00    0.00   98.00
04:37:47 PM    4    4.04    0.00   20.20    0.00    0.00    0.00    0.00    0.00    0.00   75.76
04:37:47 PM    5    1.00    0.00    3.00    0.00    0.00    0.00    0.00    0.00    0.00   96.00
04:37:47 PM    6    0.00    0.00    0.99    0.00    0.00    0.00    0.00    0.00    0.00   99.01
04:37:47 PM    7    0.00    0.00    0.00    0.00    0.00    0.00    0.00    0.00    0.00  100.00
04:37:47 PM    8  100.00    0.00    0.00    0.00    0.00    0.00    0.00    0.00    0.00    0.00
04:37:47 PM    9    1.98    0.00   10.89    0.00    0.00    0.00    0.00    0.00    0.00   87.13
04:37:47 PM   10    2.00    0.00   12.00    0.00    0.00    0.00    0.00    0.00    0.00   86.00
04:37:47 PM   11    3.06    0.00   11.22    0.00    0.00    0.00    0.00    0.00    0.00   85.71
04:37:47 PM   12    0.00    0.00    5.05    0.00    0.00    0.00    0.00    0.00    0.00   94.95
04:37:47 PM   13    2.02    0.00    8.08    0.00    0.00    0.00    0.00    0.00    0.00   89.90
04:37:47 PM   14    0.00    0.00    2.02    0.00    0.00    0.00    0.00    0.00    0.00   97.98
04:37:47 PM   15    0.00    0.00    0.00    0.00    0.00    0.00    0.00    0.00    0.00  100.00
04:37:47 PM   16    0.00    0.00    0.00    0.00    0.00    0.00    0.00    0.00    0.00  100.00
04:37:47 PM   17    0.00    0.00    0.00    0.00    0.00    0.00    0.00    0.00    0.00  100.00
04:37:47 PM   18    0.00    0.00    0.00    0.00    0.00    0.00    0.00    0.00    0.00  100.00
04:37:47 PM   19    0.00    0.00    0.00    0.00    0.00    0.00    0.00    0.00    0.00  100.00
04:37:47 PM   20    0.00    0.00    0.00    0.00    0.00    0.00    0.00    0.00    0.00  100.00
04:37:47 PM   21    0.00    0.00    0.00    0.00    0.00    0.00    0.00    0.00    0.00  100.00
04:37:47 PM   22    1.23    0.00    4.94    0.00    0.00    7.41    0.00    0.00    0.00   86.42
04:37:47 PM   23    0.00    0.00    1.03    0.00    0.00   22.68    0.00    0.00    0.00   76.29
04:37:47 PM   24    0.00    0.00    0.00    0.00    0.00    1.45    0.00    0.00    0.00   98.55
04:37:47 PM   25    0.00    0.00    0.00    0.00    0.00    1.35    0.00    0.00    0.00   98.65
04:37:47 PM   26    0.00    0.00    0.00    0.00    0.00    0.00    0.00    0.00    0.00  100.00
04:37:47 PM   27    3.00    0.00   19.00    0.00    0.00    0.00    0.00    0.00    0.00   78.00
04:37:47 PM   28    0.00    0.00    2.02    0.00    0.00    0.00    0.00    0.00    0.00   97.98
04:37:47 PM   29    2.02    0.00   10.10    0.00    0.00    0.00    0.00    0.00    0.00   87.88
04:37:47 PM   30    0.00    0.00    0.00    0.00    0.00    0.00    0.00    0.00    0.00  100.00
04:37:47 PM   31    0.00    0.00    0.00    0.00    0.00    0.00    0.00    0.00    0.00  100.00

04:37:47 PM  CPU    %usr   %nice    %sys %iowait    %irq   %soft  %steal  %guest  %gnice   %idle
04:37:48 PM  all    4.06    0.00    4.42    0.00    0.00    1.19    0.00    0.00    0.00   90.33
04:37:48 PM    0    5.15    0.00   19.59    0.00    0.00    1.03    0.00    0.00    0.00   74.23
04:37:48 PM    1    0.00    0.00    3.03    0.00    0.00    0.00    0.00    0.00    0.00   96.97
04:37:48 PM    2    3.03    0.00   11.11    0.00    0.00    1.01    0.00    0.00    0.00   84.85
04:37:48 PM    3    0.00    0.00    2.00    0.00    0.00    0.00    0.00    0.00    0.00   98.00
04:37:48 PM    4    3.09    0.00   17.53    0.00    0.00    1.03    0.00    0.00    0.00   78.35
04:37:48 PM    5    0.00    0.00    1.00    0.00    0.00    0.00    0.00    0.00    0.00   99.00
04:37:48 PM    6    0.00    0.00    1.00    0.00    0.00    0.00    0.00    0.00    0.00   99.00
04:37:48 PM    7    0.00    0.00    0.00    0.00    0.00    0.00    0.00    0.00    0.00  100.00
04:37:48 PM    8  100.00    0.00    0.00    0.00    0.00    0.00    0.00    0.00    0.00    0.00
04:37:48 PM    9    3.06    0.00   18.37    0.00    0.00    1.02    0.00    0.00    0.00   77.55
04:37:48 PM   10    1.98    0.00   10.89    0.00    0.00    0.99    0.00    0.00    0.00   86.14
04:37:48 PM   11    2.04    0.00   17.35    0.00    0.00    1.02    0.00    0.00    0.00   79.59
04:37:48 PM   12    2.02    0.00   11.11    0.00    0.00    0.00    0.00    0.00    0.00   86.87
04:37:48 PM   13    1.02    0.00    7.14    0.00    0.00    0.00    0.00    0.00    0.00   91.84
04:37:48 PM   14    1.00    0.00    2.00    0.00    0.00    0.00    0.00    0.00    0.00   97.00
04:37:48 PM   15    0.00    0.00    0.00    0.00    0.00    0.00    0.00    0.00    0.00  100.00
04:37:48 PM   16    0.00    0.00    0.00    0.00    0.00    0.00    0.00    0.00    0.00  100.00
04:37:48 PM   17    0.00    0.00    0.00    0.00    0.00    0.00    0.00    0.00    0.00  100.00
04:37:48 PM   18    0.00    0.00    0.00    0.00    0.00    0.00    0.00    0.00    0.00  100.00
04:37:48 PM   19    0.00    0.00    0.00    0.00    0.00    0.00    0.00    0.00    0.00  100.00
04:37:48 PM   20    1.00    0.00    4.00    0.00    0.00    0.00    0.00    0.00    0.00   95.00
04:37:48 PM   21    0.00    0.00    0.00    0.00    0.00    0.00    0.00    0.00    0.00  100.00
04:37:48 PM   22    1.25    0.00    2.50    0.00    0.00    5.00    0.00    0.00    0.00   91.25
04:37:48 PM   23    0.00    0.00    3.09    0.00    0.00   24.74    0.00    0.00    0.00   72.16
04:37:48 PM   24    0.00    0.00    0.00    0.00    0.00    2.90    0.00    0.00    0.00   97.10
04:37:48 PM   25    0.00    0.00    0.00    0.00    0.00    1.39    0.00    0.00    0.00   98.61
04:37:48 PM   26    0.00    0.00    0.00    0.00    0.00    0.00    0.00    0.00    0.00  100.00
04:37:48 PM   27    0.00    0.00    0.00    0.00    0.00    0.00    0.00    0.00    0.00  100.00
04:37:48 PM   28    0.00    0.00    0.00    0.00    0.00    0.00    0.00    0.00    0.00  100.00
04:37:48 PM   29    2.04    0.00    8.16    0.00    0.00    0.00    0.00    0.00    0.00   89.80
04:37:48 PM   30    0.00    0.00    0.00    0.00    0.00    0.00    0.00    0.00    0.00  100.00
04:37:48 PM   31    0.00    0.00    0.00    0.00    0.00    0.00    0.00    0.00    0.00  100.00

04:37:48 PM  CPU    %usr   %nice    %sys %iowait    %irq   %soft  %steal  %guest  %gnice   %idle
04:37:49 PM  all    4.12    0.00    4.54    0.00    0.00    1.79    0.00    0.00    0.00   89.56
04:37:49 PM    0    3.00    0.00   21.00    0.00    0.00    1.00    0.00    0.00    0.00   75.00
04:37:49 PM    1    1.01    0.00    2.02    0.00    0.00    0.00    0.00    0.00    0.00   96.97
04:37:49 PM    2    2.06    0.00    9.28    0.00    0.00    0.00    0.00    0.00    0.00   88.66
04:37:49 PM    3    0.00    0.00    1.00    0.00    0.00    0.00    0.00    0.00    0.00   99.00
04:37:49 PM    4    3.03    0.00   12.12    0.00    0.00    0.00    0.00    0.00    0.00   84.85
04:37:49 PM    5    0.00    0.00    0.00    0.00    0.00    0.00    0.00    0.00    0.00  100.00
04:37:49 PM    6    0.00    0.00    0.00    0.00    0.00    0.00    0.00    0.00    0.00  100.00
04:37:49 PM    7    0.00    0.00    0.00    0.00    0.00    0.00    0.00    0.00    0.00  100.00
04:37:49 PM    8  100.00    0.00    0.00    0.00    0.00    0.00    0.00    0.00    0.00    0.00
04:37:49 PM    9    3.09    0.00   19.59    0.00    0.00    0.00    0.00    0.00    0.00   77.32
04:37:49 PM   10    1.01    0.00    5.05    0.00    0.00    0.00    0.00    0.00    0.00   93.94
04:37:49 PM   11    4.04    0.00   16.16    0.00    0.00    0.00    0.00    0.00    0.00   79.80
04:37:49 PM   12    1.01    0.00    6.06    0.00    0.00    0.00    0.00    0.00    0.00   92.93
04:37:49 PM   13    3.00    0.00   11.00    0.00    0.00    1.00    0.00    0.00    0.00   85.00
04:37:49 PM   14    1.01    0.00    5.05    0.00    0.00    0.00    0.00    0.00    0.00   93.94
04:37:49 PM   15    1.00    0.00    2.00    0.00    0.00    0.00    0.00    0.00    0.00   97.00
04:37:49 PM   16    0.00    0.00    0.00    0.00    0.00    0.00    0.00    0.00    0.00  100.00
04:37:49 PM   17    0.00    0.00    0.00    0.00    0.00    0.00    0.00    0.00    0.00  100.00
04:37:49 PM   18    0.00    0.00    0.00    0.00    0.00    0.00    0.00    0.00    0.00  100.00
04:37:49 PM   19    0.00    0.00    0.00    0.00    0.00    0.00    0.00    0.00    0.00  100.00
04:37:49 PM   20    4.12    0.00   16.49    0.00    0.00    0.00    0.00    0.00    0.00   79.38
04:37:49 PM   21    0.00    0.00    0.00    0.00    0.00    0.00    0.00    0.00    0.00  100.00
04:37:49 PM   22    0.00    0.00    4.30    0.00    0.00   17.20    0.00    0.00    0.00   78.49
04:37:49 PM   23    1.01    0.00    3.03    0.00    0.00   22.22    0.00    0.00    0.00   73.74
04:37:49 PM   24    0.00    0.00    0.00    0.00    0.00   17.07    0.00    0.00    0.00   82.93
04:37:49 PM   25    0.00    0.00    0.00    0.00    0.00    1.37    0.00    0.00    0.00   98.63
04:37:49 PM   26    0.00    0.00    0.00    0.00    0.00    0.00    0.00    0.00    0.00  100.00
04:37:49 PM   27    0.00    0.00    0.00    0.00    0.00    0.00    0.00    0.00    0.00  100.00
04:37:49 PM   28    0.00    0.00    0.00    0.00    0.00    0.00    0.00    0.00    0.00  100.00
04:37:49 PM   29    1.01    0.00   10.10    0.00    0.00    1.01    0.00    0.00    0.00   87.88
04:37:49 PM   30    0.00    0.00    0.00    0.00    0.00    0.00    0.00    0.00    0.00  100.00
04:37:49 PM   31    0.00    0.00    0.00    0.00    0.00    0.00    0.00    0.00    0.00  100.00

04:37:49 PM  CPU    %usr   %nice    %sys %iowait    %irq   %soft  %steal  %guest  %gnice   %idle
04:37:50 PM  all    4.22    0.00    4.45    0.00    0.00    2.32    0.00    0.00    0.00   89.01
04:37:50 PM    0    3.09    0.00   14.43    0.00    0.00    0.00    0.00    0.00    0.00   82.47
04:37:50 PM    1    2.00    0.00    6.00    0.00    0.00    0.00    0.00    0.00    0.00   92.00
04:37:50 PM    2    2.00    0.00    5.00    0.00    0.00    0.00    0.00    0.00    0.00   93.00
04:37:50 PM    3    0.00    0.00    3.03    0.00    0.00    0.00    0.00    0.00    0.00   96.97
04:37:50 PM    4    3.06    0.00   13.27    0.00    0.00    0.00    0.00    0.00    0.00   83.67
04:37:50 PM    5    0.99    0.00    2.97    0.00    0.00    0.00    0.00    0.00    0.00   96.04
04:37:50 PM    6    0.00    0.00    0.00    0.00    0.00    0.00    0.00    0.00    0.00  100.00
04:37:50 PM    7    0.00    0.00    1.00    0.00    0.00    0.00    0.00    0.00    0.00   99.00
04:37:50 PM    8  100.00    0.00    0.00    0.00    0.00    0.00    0.00    0.00    0.00    0.00
04:37:50 PM    9    5.00    0.00   20.00    0.00    0.00    1.00    0.00    0.00    0.00   74.00
04:37:50 PM   10    3.06    0.00    9.18    0.00    0.00    0.00    0.00    0.00    0.00   87.76
04:37:50 PM   11    3.09    0.00   15.46    0.00    0.00    1.03    0.00    0.00    0.00   80.41
04:37:50 PM   12    1.00    0.00    4.00    0.00    0.00    0.00    0.00    0.00    0.00   95.00
04:37:50 PM   13    2.02    0.00    9.09    0.00    0.00    0.00    0.00    0.00    0.00   88.89
04:37:50 PM   14    1.01    0.00    3.03    0.00    0.00    0.00    0.00    0.00    0.00   95.96
04:37:50 PM   15    0.00    0.00    2.02    0.00    0.00    0.00    0.00    0.00    0.00   97.98
04:37:50 PM   16    0.00    0.00    0.00    0.00    0.00    0.00    0.00    0.00    0.00  100.00
04:37:50 PM   17    0.00    0.00    0.00    0.00    0.00    0.00    0.00    0.00    0.00  100.00
04:37:50 PM   18    0.00    0.00    0.00    0.00    0.00    0.00    0.00    0.00    0.00  100.00
04:37:50 PM   19    0.00    0.00    0.00    0.00    0.00    0.00    0.00    0.00    0.00  100.00
04:37:50 PM   20    3.00    0.00   18.00    0.00    0.00    1.00    0.00    0.00    0.00   78.00
04:37:50 PM   21    0.00    0.00    0.00    0.00    0.00    0.00    0.00    0.00    0.00  100.00
04:37:50 PM   22    1.02    0.00    3.06    0.00    0.00   21.43    0.00    0.00    0.00   74.49
04:37:50 PM   23    1.01    0.00    3.03    0.00    0.00   24.24    0.00    0.00    0.00   71.72
04:37:50 PM   24    0.00    0.00    0.00    0.00    0.00   26.09    0.00    0.00    0.00   73.91
04:37:50 PM   25    0.00    0.00    0.00    0.00    0.00    1.37    0.00    0.00    0.00   98.63
04:37:50 PM   26    0.00    0.00    0.00    0.00    0.00    0.00    0.00    0.00    0.00  100.00
04:37:50 PM   27    0.00    0.00    0.00    0.00    0.00    0.00    0.00    0.00    0.00  100.00
04:37:50 PM   28    0.00    0.00    0.00    0.00    0.00    0.00    0.00    0.00    0.00  100.00
04:37:50 PM   29    2.02    0.00    9.09    0.00    0.00    0.00    0.00    0.00    0.00   88.89
04:37:50 PM   30    0.00    0.00    0.00    0.00    0.00    0.00    0.00    0.00    0.00  100.00
04:37:50 PM   31    0.00    0.00    0.00    0.00    0.00    0.00    0.00    0.00    0.00  100.00

Average:     CPU    %usr   %nice    %sys %iowait    %irq   %soft  %steal  %guest  %gnice   %idle
Average:     all    2.38    0.00    5.28    0.01    0.00    3.85    0.00    0.00    0.00   88.48
Average:       0    2.97    0.00   14.84    0.00    0.00    0.72    0.00    0.00    0.00   81.47
Average:       1    0.91    0.00    4.53    0.00    0.00    0.10    0.00    0.00    0.00   94.46
Average:       2    1.91    0.00    8.43    0.00    0.00    0.20    0.00    0.00    0.00   89.46
Average:       3    0.30    0.00    2.11    0.00    0.00    0.00    0.00    0.00    0.00   97.59
Average:       4    2.85    0.00   13.43    0.00    0.00    0.41    0.00    0.00    0.00   83.32
Average:       5    0.40    0.00    2.20    0.00    0.00    0.00    0.00    0.00    0.00   97.41
Average:       6    0.00    0.00    0.40    0.00    0.00    0.00    0.00    0.00    0.00   99.60
Average:       7    0.10    0.00    0.80    0.00    0.00    0.00    0.00    0.00    0.00   99.10
Average:       8   40.70    0.00    0.00    0.00    0.00   59.30    0.00    0.00    0.00    0.00
Average:       9    2.85    0.00   14.69    0.00    0.00    0.44    0.00    0.00    0.00   82.02
Average:      10    2.28    0.00   10.86    0.00    0.00    0.22    0.00    0.00    0.00   86.64
Average:      11    2.73    0.00   13.09    0.00    0.00    0.33    0.00    0.00    0.00   83.86
Average:      12    1.85    0.00    9.36    0.00    0.00    0.11    0.00    0.00    0.00   88.68
Average:      13    2.17    0.00    9.65    0.00    0.00    0.11    0.00    0.00    0.00   88.07
Average:      14    1.40    0.00    6.24    0.00    0.00    0.11    0.00    0.00    0.00   92.25
Average:      15    1.28    0.00    5.13    0.00    0.00    0.00    0.00    0.00    0.00   93.59
Average:      16    0.00    0.00    0.00    0.00    0.00    0.00    0.00    0.00    0.00  100.00
Average:      17    0.00    0.00    0.00    0.00    0.00    0.00    0.00    0.00    0.00  100.00
Average:      18    0.00    0.00    0.00    0.00    0.00    0.00    0.00    0.00    0.00  100.00
Average:      19    0.00    0.00    0.00    0.00    0.00    0.00    0.00    0.00    0.00  100.00
Average:      20    0.80    0.00    3.82    0.00    0.00    0.10    0.00    0.00    0.00   95.28
Average:      21    0.00    0.00    0.00    0.00    0.00    0.00    0.00    0.00    0.00  100.00
Average:      22    0.86    0.00    3.11    0.11    0.00   15.47    0.00    0.00    0.00   80.45
Average:      23    0.92    0.00    3.49    0.10    0.00   19.79    0.00    0.00    0.00   75.69
Average:      24    0.86    0.00    3.43    0.00    0.00   14.09    0.00    0.00    0.00   81.62
Average:      25    0.95    0.00    5.12    0.00    0.00   13.10    0.00    0.00    0.00   80.83
Average:      26    0.93    0.00    5.99    0.00    0.00    0.10    0.00    0.00    0.00   92.98
Average:      27    1.64    0.00    9.20    0.00    0.00    0.10    0.00    0.00    0.00   89.06
Average:      28    0.83    0.00    5.79    0.00    0.00    0.00    0.00    0.00    0.00   93.38
Average:      29    1.75    0.00   10.61    0.00    0.00    0.21    0.00    0.00    0.00   87.44
Average:      30    0.41    0.00    2.46    0.00    0.00    0.00    0.00    0.00    0.00   97.13
Average:      31    0.41    0.00    2.87    0.00    0.00    0.00    0.00    0.00    0.00   96.71
