Linux 7.0.0-22-generic (ms-a2-gateway) 	06/07/2026 	_x86_64_	(32 CPU)

04:44:40 PM  CPU    %usr   %nice    %sys %iowait    %irq   %soft  %steal  %guest  %gnice   %idle
04:44:41 PM  all    4.66    0.00    6.19    0.00    0.00    4.50    0.00    0.00    0.00   84.66
04:44:41 PM    0    0.00    0.00    2.04    0.00    0.00    0.00    0.00    0.00    0.00   97.96
04:44:41 PM    1    0.00    0.00    0.00    0.00    0.00   95.10    0.00    0.00    0.00    4.90
04:44:41 PM    2    2.13    0.00   11.70    0.00    0.00    1.06    0.00    0.00    0.00   85.11
04:44:41 PM    3    2.13    0.00    9.57    0.00    0.00    0.00    0.00    0.00    0.00   88.30
04:44:41 PM    4    2.20    0.00    8.79    0.00    0.00    0.00    0.00    0.00    0.00   89.01
04:44:41 PM    5    2.20    0.00    7.69    0.00    0.00    0.00    0.00    0.00    0.00   90.11
04:44:41 PM    6    2.17    0.00    5.43    0.00    0.00    0.00    0.00    0.00    0.00   92.39
04:44:41 PM    7    2.11    0.00    5.26    0.00    0.00    0.00    0.00    0.00    0.00   92.63
04:44:41 PM    8  100.00    0.00    0.00    0.00    0.00    0.00    0.00    0.00    0.00    0.00
04:44:41 PM    9    2.06    0.00    8.25    0.00    0.00    0.00    0.00    0.00    0.00   89.69
04:44:41 PM   10    1.01    0.00    9.09    0.00    0.00    0.00    0.00    0.00    0.00   89.90
04:44:41 PM   11    1.02    0.00    6.12    0.00    0.00    0.00    0.00    0.00    0.00   92.86
04:44:41 PM   12    0.00    0.00    4.08    0.00    0.00    0.00    0.00    0.00    0.00   95.92
04:44:41 PM   13    0.00    0.00    4.26    0.00    0.00    0.00    0.00    0.00    0.00   95.74
04:44:41 PM   14    1.02    0.00    2.04    0.00    0.00    0.00    0.00    0.00    0.00   96.94
04:44:41 PM   15    1.03    0.00    4.12    0.00    0.00    0.00    0.00    0.00    0.00   94.85
04:44:41 PM   16    2.04    0.00   10.20    0.00    0.00    0.00    0.00    0.00    0.00   87.76
04:44:41 PM   17    2.13    0.00    6.38    0.00    0.00    0.00    0.00    0.00    0.00   91.49
04:44:41 PM   18    3.00    0.00   10.00    0.00    0.00    1.00    0.00    0.00    0.00   86.00
04:44:41 PM   19    1.09    0.00    3.26    0.00    0.00    0.00    0.00    0.00    0.00   95.65
04:44:41 PM   20    1.02    0.00    3.06    0.00    0.00    0.00    0.00    0.00    0.00   95.92
04:44:41 PM   21    1.00    0.00    2.00    0.00    0.00    0.00    0.00    0.00    0.00   97.00
04:44:41 PM   22    1.12    0.00    1.12    0.00    0.00   11.24    0.00    0.00    0.00   86.52
04:44:41 PM   23    0.00    0.00    1.12    0.00    0.00    8.99    0.00    0.00    0.00   89.89
04:44:41 PM   24    2.11    0.00   11.58    0.00    0.00   14.74    0.00    0.00    0.00   71.58
04:44:41 PM   25    1.11    0.00    5.56    0.00    0.00    7.78    0.00    0.00    0.00   85.56
04:44:41 PM   26    3.00    0.00   12.00    0.00    0.00    0.00    0.00    0.00    0.00   85.00
04:44:41 PM   27    2.02    0.00   12.12    0.00    0.00    0.00    0.00    0.00    0.00   85.86
04:44:41 PM   28    2.13    0.00    8.51    0.00    0.00    0.00    0.00    0.00    0.00   89.36
04:44:41 PM   29    2.04    0.00   13.27    0.00    0.00    0.00    0.00    0.00    0.00   84.69
04:44:41 PM   30    1.03    0.00    7.22    0.00    0.00    0.00    0.00    0.00    0.00   91.75
04:44:41 PM   31    1.01    0.00    2.02    0.00    0.00    0.00    0.00    0.00    0.00   96.97

04:44:41 PM  CPU    %usr   %nice    %sys %iowait    %irq   %soft  %steal  %guest  %gnice   %idle
04:44:42 PM  all    4.48    0.00    6.19    0.00    0.00    5.14    0.00    0.00    0.00   84.19
04:44:42 PM    0    0.00    0.00    1.03    0.00    0.00    0.00    0.00    0.00    0.00   98.97
04:44:42 PM    1    0.00    0.00    0.00    0.00    0.00  100.00    0.00    0.00    0.00    0.00
04:44:42 PM    2    3.49    0.00   13.95    0.00    0.00    0.00    0.00    0.00    0.00   82.56
04:44:42 PM    3    2.38    0.00   11.90    0.00    0.00    0.00    0.00    0.00    0.00   85.71
04:44:42 PM    4    2.33    0.00   12.79    0.00    0.00    0.00    0.00    0.00    0.00   84.88
04:44:42 PM    5    3.45    0.00   11.49    0.00    0.00    0.00    0.00    0.00    0.00   85.06
04:44:42 PM    6    1.15    0.00   12.64    0.00    0.00    0.00    0.00    0.00    0.00   86.21
04:44:42 PM    7    3.37    0.00    7.87    0.00    0.00    0.00    0.00    0.00    0.00   88.76
04:44:42 PM    8  100.00    0.00    0.00    0.00    0.00    0.00    0.00    0.00    0.00    0.00
04:44:42 PM    9    0.00    0.00    4.08    0.00    0.00    1.02    0.00    0.00    0.00   94.90
04:44:42 PM   10    0.00    0.00    2.04    0.00    0.00    0.00    0.00    0.00    0.00   97.96
04:44:42 PM   11    2.00    0.00   10.00    0.00    0.00    0.00    0.00    0.00    0.00   88.00
04:44:42 PM   12    0.00    0.00    0.99    0.00    0.00    0.00    0.00    0.00    0.00   99.01
04:44:42 PM   13    0.00    0.00    1.00    0.00    0.00    0.00    0.00    0.00    0.00   99.00
04:44:42 PM   14    0.00    0.00    0.00    0.00    0.00    0.00    0.00    0.00    0.00  100.00
04:44:42 PM   15    0.00    0.00    1.02    0.00    0.00    0.00    0.00    0.00    0.00   98.98
04:44:42 PM   16    4.26    0.00   13.83    0.00    0.00    1.06    0.00    0.00    0.00   80.85
04:44:42 PM   17    1.12    0.00    4.49    0.00    0.00    0.00    0.00    0.00    0.00   94.38
04:44:42 PM   18    2.08    0.00   13.54    0.00    0.00    0.00    0.00    0.00    0.00   84.38
04:44:42 PM   19    1.03    0.00    6.19    0.00    0.00    0.00    0.00    0.00    0.00   92.78
04:44:42 PM   20    2.04    0.00   12.24    0.00    0.00    0.00    0.00    0.00    0.00   85.71
04:44:42 PM   21    0.00    0.00    2.06    0.00    0.00    0.00    0.00    0.00    0.00   97.94
04:44:42 PM   22    1.11    0.00    4.44    0.00    0.00   14.44    0.00    0.00    0.00   80.00
04:44:42 PM   23    1.09    0.00    2.17    0.00    0.00   14.13    0.00    0.00    0.00   82.61
04:44:42 PM   24    3.16    0.00   16.84    0.00    0.00   23.16    0.00    0.00    0.00   56.84
04:44:42 PM   25    0.00    0.00    2.41    0.00    0.00    7.23    0.00    0.00    0.00   90.36
04:44:42 PM   26    2.00    0.00    9.00    0.00    0.00    0.00    0.00    0.00    0.00   89.00
04:44:42 PM   27    2.00    0.00   12.00    0.00    0.00    1.00    0.00    0.00    0.00   85.00
04:44:42 PM   28    0.00    0.00    0.00    0.00    0.00    0.00    0.00    0.00    0.00  100.00
04:44:42 PM   29    1.02    0.00   11.22    0.00    0.00    0.00    0.00    0.00    0.00   87.76
04:44:42 PM   30    0.00    0.00    0.00    0.00    0.00    0.00    0.00    0.00    0.00  100.00
04:44:42 PM   31    0.00    0.00    1.01    0.00    0.00    0.00    0.00    0.00    0.00   98.99

04:44:42 PM  CPU    %usr   %nice    %sys %iowait    %irq   %soft  %steal  %guest  %gnice   %idle
04:44:43 PM  all    4.82    0.00    6.46    0.00    0.00    5.18    0.00    0.00    0.00   83.54
04:44:43 PM    0    2.02    0.00    3.03    0.00    0.00    1.01    0.00    0.00    0.00   93.94
04:44:43 PM    1    0.00    0.00    0.00    0.00    0.00   99.00    0.00    0.00    0.00    1.00
04:44:43 PM    2    3.61    0.00   13.25    0.00    0.00    0.00    0.00    0.00    0.00   83.13
04:44:43 PM    3    3.53    0.00   11.76    0.00    0.00    0.00    0.00    0.00    0.00   84.71
04:44:43 PM    4    3.45    0.00   13.79    0.00    0.00    1.15    0.00    0.00    0.00   81.61
04:44:43 PM    5    2.35    0.00   14.12    0.00    0.00    0.00    0.00    0.00    0.00   83.53
04:44:43 PM    6    2.35    0.00   11.76    0.00    0.00    0.00    0.00    0.00    0.00   85.88
04:44:43 PM    7    3.41    0.00   10.23    0.00    0.00    0.00    0.00    0.00    0.00   86.36
04:44:43 PM    8  100.00    0.00    0.00    0.00    0.00    0.00    0.00    0.00    0.00    0.00
04:44:43 PM    9    3.03    0.00   16.16    0.00    0.00    0.00    0.00    0.00    0.00   80.81
04:44:43 PM   10    1.98    0.00    7.92    0.00    0.00    0.99    0.00    0.00    0.00   89.11
04:44:43 PM   11    2.00    0.00    6.00    0.00    0.00    0.00    0.00    0.00    0.00   92.00
04:44:43 PM   12    0.00    0.00    0.00    0.00    0.00    0.00    0.00    0.00    0.00  100.00
04:44:43 PM   13    0.00    0.00    0.00    0.00    0.00    0.00    0.00    0.00    0.00  100.00
04:44:43 PM   14    0.00    0.00    0.00    0.00    0.00    0.00    0.00    0.00    0.00  100.00
04:44:43 PM   15    0.00    0.00    0.99    0.00    0.00    0.00    0.00    0.00    0.00   99.01
04:44:43 PM   16    3.19    0.00   15.96    0.00    0.00    0.00    0.00    0.00    0.00   80.85
04:44:43 PM   17    1.11    0.00    5.56    0.00    0.00    0.00    0.00    0.00    0.00   93.33
04:44:43 PM   18    3.09    0.00   16.49    0.00    0.00    0.00    0.00    0.00    0.00   80.41
04:44:43 PM   19    1.98    0.00    6.93    0.00    0.00    0.00    0.00    0.00    0.00   91.09
04:44:43 PM   20    3.06    0.00   10.20    0.00    0.00    0.00    0.00    0.00    0.00   86.73
04:44:43 PM   21    0.99    0.00    1.98    0.00    0.00    0.00    0.00    0.00    0.00   97.03
04:44:43 PM   22    0.00    0.00    4.49    0.00    0.00   15.73    0.00    0.00    0.00   79.78
04:44:43 PM   23    0.00    0.00    2.20    0.00    0.00   14.29    0.00    0.00    0.00   83.52
04:44:43 PM   24    4.17    0.00   18.75    0.00    0.00   25.00    0.00    0.00    0.00   52.08
04:44:43 PM   25    1.23    0.00    2.47    0.00    0.00    4.94    0.00    0.00    0.00   91.36
04:44:43 PM   26    1.02    0.00    3.06    0.00    0.00    0.00    0.00    0.00    0.00   95.92
04:44:43 PM   27    2.00    0.00   12.00    0.00    0.00    0.00    0.00    0.00    0.00   86.00
04:44:43 PM   28    0.00    0.00    0.00    0.00    0.00    0.00    0.00    0.00    0.00  100.00
04:44:43 PM   29    0.99    0.00    2.97    0.00    0.00    0.99    0.00    0.00    0.00   95.05
04:44:43 PM   30    0.00    0.00    0.00    0.00    0.00    0.00    0.00    0.00    0.00  100.00
04:44:43 PM   31    0.00    0.00    0.00    0.00    0.00    0.00    0.00    0.00    0.00  100.00

04:44:43 PM  CPU    %usr   %nice    %sys %iowait    %irq   %soft  %steal  %guest  %gnice   %idle
04:44:44 PM  all    4.72    0.00    6.17    0.00    0.00    4.98    0.00    0.00    0.00   84.13
04:44:44 PM    0    0.00    0.00    1.02    0.00    0.00    0.00    0.00    0.00    0.00   98.98
04:44:44 PM    1    0.00    0.00    0.00    0.00    0.00  100.00    0.00    0.00    0.00    0.00
04:44:44 PM    2    3.57    0.00   13.10    0.00    0.00    0.00    0.00    0.00    0.00   83.33
04:44:44 PM    3    2.35    0.00   15.29    0.00    0.00    0.00    0.00    0.00    0.00   82.35
04:44:44 PM    4    3.45    0.00   13.79    0.00    0.00    0.00    0.00    0.00    0.00   82.76
04:44:44 PM    5    4.49    0.00   14.61    0.00    0.00    0.00    0.00    0.00    0.00   80.90
04:44:44 PM    6    2.30    0.00   12.64    0.00    0.00    0.00    0.00    0.00    0.00   85.06
04:44:44 PM    7    2.25    0.00   10.11    0.00    0.00    1.12    0.00    0.00    0.00   86.52
04:44:44 PM    8  100.00    0.00    0.00    0.00    0.00    0.00    0.00    0.00    0.00    0.00
04:44:44 PM    9    2.04    0.00   10.20    0.00    0.00    0.00    0.00    0.00    0.00   87.76
04:44:44 PM   10    2.00    0.00    8.00    0.00    0.00    0.00    0.00    0.00    0.00   90.00
04:44:44 PM   11    0.00    0.00    5.15    0.00    0.00    0.00    0.00    0.00    0.00   94.85
04:44:44 PM   12    1.02    0.00    2.04    0.00    0.00    0.00    0.00    0.00    0.00   96.94
04:44:44 PM   13    1.98    0.00    3.96    0.00    0.00    0.00    0.00    0.00    0.00   94.06
04:44:44 PM   14    0.00    0.00    0.00    0.00    0.00    0.00    0.00    0.00    0.00  100.00
04:44:44 PM   15    0.00    0.00    0.00    0.00    0.00    0.00    0.00    0.00    0.00  100.00
04:44:44 PM   16    2.20    0.00   10.99    0.00    0.00    1.10    0.00    0.00    0.00   85.71
04:44:44 PM   17    2.25    0.00    6.74    0.00    0.00    0.00    0.00    0.00    0.00   91.01
04:44:44 PM   18    2.15    0.00   13.98    0.00    0.00    0.00    0.00    0.00    0.00   83.87
04:44:44 PM   19    2.02    0.00   11.11    0.00    0.00    1.01    0.00    0.00    0.00   85.86
04:44:44 PM   20    2.02    0.00   10.10    0.00    0.00    1.01    0.00    0.00    0.00   86.87
04:44:44 PM   21    0.00    0.00    1.01    0.00    0.00    0.00    0.00    0.00    0.00   98.99
04:44:44 PM   22    2.17    0.00    4.35    0.00    0.00   15.22    0.00    0.00    0.00   78.26
04:44:44 PM   23    1.19    0.00    0.00    0.00    0.00    8.33    0.00    0.00    0.00   90.48
04:44:44 PM   24    4.08    0.00   15.31    0.00    0.00   25.51    0.00    0.00    0.00   55.10
04:44:44 PM   25    0.00    0.00    0.00    0.00    0.00    1.28    0.00    0.00    0.00   98.72
04:44:44 PM   26    0.00    0.00    3.03    0.00    0.00    0.00    0.00    0.00    0.00   96.97
04:44:44 PM   27    1.02    0.00    5.10    0.00    0.00    0.00    0.00    0.00    0.00   93.88
04:44:44 PM   28    0.00    0.00    4.00    0.00    0.00    0.00    0.00    0.00    0.00   96.00
04:44:44 PM   29    2.02    0.00    6.06    0.00    0.00    0.00    0.00    0.00    0.00   91.92
04:44:44 PM   30    0.00    0.00    0.00    0.00    0.00    0.00    0.00    0.00    0.00  100.00
04:44:44 PM   31    0.00    0.00    0.00    0.00    0.00    0.00    0.00    0.00    0.00  100.00

04:44:44 PM  CPU    %usr   %nice    %sys %iowait    %irq   %soft  %steal  %guest  %gnice   %idle
04:44:45 PM  all    4.70    0.00    6.80    0.03    0.00    5.09    0.00    0.00    0.00   83.38
04:44:45 PM    0    0.00    0.00    2.00    0.00    0.00    0.00    0.00    0.00    0.00   98.00
04:44:45 PM    1    0.00    0.00    0.00    0.00    0.00   99.00    0.00    0.00    0.00    1.00
04:44:45 PM    2    3.41    0.00   15.91    0.00    0.00    1.14    0.00    0.00    0.00   79.55
04:44:45 PM    3    3.45    0.00   12.64    0.00    0.00    1.15    0.00    0.00    0.00   82.76
04:44:45 PM    4    3.49    0.00   12.79    0.00    0.00    0.00    0.00    0.00    0.00   83.72
04:44:45 PM    5    5.68    0.00   11.36    0.00    0.00    0.00    0.00    0.00    0.00   82.95
04:44:45 PM    6    3.45    0.00   10.34    0.00    0.00    0.00    0.00    0.00    0.00   86.21
04:44:45 PM    7    2.27    0.00    9.09    0.00    0.00    0.00    0.00    0.00    0.00   88.64
04:44:45 PM    8  100.00    0.00    0.00    0.00    0.00    0.00    0.00    0.00    0.00    0.00
04:44:45 PM    9    1.02    0.00   12.24    0.00    0.00    0.00    0.00    0.00    0.00   86.73
04:44:45 PM   10    1.01    0.00   11.11    0.00    0.00    0.00    0.00    0.00    0.00   87.88
04:44:45 PM   11    3.03    0.00   15.15    0.00    0.00    1.01    0.00    0.00    0.00   80.81
04:44:45 PM   12    1.00    0.00    4.00    0.00    0.00    0.00    0.00    0.00    0.00   95.00
04:44:45 PM   13    0.00    0.00    3.06    0.00    0.00    0.00    0.00    0.00    0.00   96.94
04:44:45 PM   14    0.00    0.00    0.00    0.00    0.00    0.00    0.00    0.00    0.00  100.00
04:44:45 PM   15    0.00    0.00    0.00    0.00    0.00    0.00    0.00    0.00    0.00  100.00
04:44:45 PM   16    3.09    0.00   15.46    0.00    0.00    0.00    0.00    0.00    0.00   81.44
04:44:45 PM   17    1.10    0.00    6.59    0.00    0.00    0.00    0.00    0.00    0.00   92.31
04:44:45 PM   18    3.00    0.00   13.00    0.00    0.00    1.00    0.00    0.00    0.00   83.00
04:44:45 PM   19    1.02    0.00    1.02    0.00    0.00    0.00    0.00    0.00    0.00   97.96
04:44:45 PM   20    2.02    0.00   10.10    0.00    0.00    0.00    0.00    0.00    0.00   87.88
04:44:45 PM   21    0.00    0.00    0.00    1.00    0.00    0.00    0.00    0.00    0.00   99.00
04:44:45 PM   22    0.00    0.00    2.38    0.00    0.00   11.90    0.00    0.00    0.00   85.71
04:44:45 PM   23    0.00    0.00    1.22    0.00    0.00   15.85    0.00    0.00    0.00   82.93
04:44:45 PM   24    3.09    0.00   17.53    0.00    0.00   25.77    0.00    0.00    0.00   53.61
04:44:45 PM   25    0.00    0.00    1.27    0.00    0.00    2.53    0.00    0.00    0.00   96.20
04:44:45 PM   26    0.00    0.00    0.00    0.00    0.00    0.00    0.00    0.00    0.00  100.00
04:44:45 PM   27    1.00    0.00    4.00    0.00    0.00    0.00    0.00    0.00    0.00   95.00
04:44:45 PM   28    1.96    0.00    8.82    0.00    0.00    0.98    0.00    0.00    0.00   88.24
04:44:45 PM   29    1.03    0.00   13.40    0.00    0.00    0.00    0.00    0.00    0.00   85.57
04:44:45 PM   30    0.99    0.00    4.95    0.00    0.00    0.99    0.00    0.00    0.00   93.07
04:44:45 PM   31    0.00    0.00    0.00    0.00    0.00    0.00    0.00    0.00    0.00  100.00

04:44:45 PM  CPU    %usr   %nice    %sys %iowait    %irq   %soft  %steal  %guest  %gnice   %idle
04:44:46 PM  all    4.51    0.00    5.98    0.00    0.00    4.48    0.00    0.00    0.00   85.03
04:44:46 PM    0    0.00    0.00    0.00    0.00    0.00    0.00    0.00    0.00    0.00  100.00
04:44:46 PM    1    0.00    0.00    0.00    0.00    0.00   99.00    0.00    0.00    0.00    1.00
04:44:46 PM    2    3.61    0.00    8.43    0.00    0.00    0.00    0.00    0.00    0.00   87.95
04:44:46 PM    3    3.45    0.00   10.34    0.00    0.00    0.00    0.00    0.00    0.00   86.21
04:44:46 PM    4    2.35    0.00    9.41    0.00    0.00    0.00    0.00    0.00    0.00   88.24
04:44:46 PM    5    2.33    0.00    8.14    0.00    0.00    0.00    0.00    0.00    0.00   89.53
04:44:46 PM    6    3.37    0.00    8.99    0.00    0.00    0.00    0.00    0.00    0.00   87.64
04:44:46 PM    7    1.10    0.00    6.59    0.00    0.00    0.00    0.00    0.00    0.00   92.31
04:44:46 PM    8  100.00    0.00    0.00    0.00    0.00    0.00    0.00    0.00    0.00    0.00
04:44:46 PM    9    2.00    0.00   12.00    0.00    0.00    1.00    0.00    0.00    0.00   85.00
04:44:46 PM   10    1.02    0.00    7.14    0.00    0.00    0.00    0.00    0.00    0.00   91.84
04:44:46 PM   11    2.04    0.00    9.18    0.00    0.00    0.00    0.00    0.00    0.00   88.78
04:44:46 PM   12    1.01    0.00   11.11    0.00    0.00    1.01    0.00    0.00    0.00   86.87
04:44:46 PM   13    1.01    0.00   11.11    0.00    0.00    0.00    0.00    0.00    0.00   87.88
04:44:46 PM   14    0.00    0.00    1.01    0.00    0.00    0.00    0.00    0.00    0.00   98.99
04:44:46 PM   15    1.02    0.00    2.04    0.00    0.00    0.00    0.00    0.00    0.00   96.94
04:44:46 PM   16    2.06    0.00   15.46    0.00    0.00    0.00    0.00    0.00    0.00   82.47
04:44:46 PM   17    1.18    0.00    7.06    0.00    0.00    0.00    0.00    0.00    0.00   91.76
04:44:46 PM   18    1.11    0.00    4.44    0.00    0.00    0.00    0.00    0.00    0.00   94.44
04:44:46 PM   19    0.00    0.00    1.00    0.00    0.00    0.00    0.00    0.00    0.00   99.00
04:44:46 PM   20    1.05    0.00    3.16    0.00    0.00    0.00    0.00    0.00    0.00   95.79
04:44:46 PM   21    0.00    0.00    0.00    0.00    0.00    0.00    0.00    0.00    0.00  100.00
04:44:46 PM   22    0.00    0.00    0.00    0.00    0.00    2.70    0.00    0.00    0.00   97.30
04:44:46 PM   23    0.00    0.00    0.00    0.00    0.00    8.11    0.00    0.00    0.00   91.89
04:44:46 PM   24    2.11    0.00   13.68    0.00    0.00   23.16    0.00    0.00    0.00   61.05
04:44:46 PM   25    1.20    0.00    1.20    0.00    0.00    3.61    0.00    0.00    0.00   93.98
04:44:46 PM   26    0.99    0.00    2.97    0.00    0.00    0.00    0.00    0.00    0.00   96.04
04:44:46 PM   27    1.03    0.00   13.40    0.00    0.00    0.00    0.00    0.00    0.00   85.57
04:44:46 PM   28    1.04    0.00    9.38    0.00    0.00    0.00    0.00    0.00    0.00   89.58
04:44:46 PM   29    1.04    0.00   11.46    0.00    0.00    0.00    0.00    0.00    0.00   87.50
04:44:46 PM   30    1.01    0.00    2.02    0.00    0.00    0.00    0.00    0.00    0.00   96.97
04:44:46 PM   31    0.00    0.00    0.00    0.00    0.00    0.00    0.00    0.00    0.00  100.00

04:44:46 PM  CPU    %usr   %nice    %sys %iowait    %irq   %soft  %steal  %guest  %gnice   %idle
04:44:47 PM  all    4.56    0.00    6.42    0.00    0.00    5.41    0.00    0.00    0.00   83.61
04:44:47 PM    0    0.00    0.00    0.00    0.00    0.00    0.00    0.00    0.00    0.00  100.00
04:44:47 PM    1    0.00    0.00    0.00    0.00    0.00   99.01    0.00    0.00    0.00    0.99
04:44:47 PM    2    2.35    0.00   14.12    0.00    0.00    0.00    0.00    0.00    0.00   83.53
04:44:47 PM    3    2.30    0.00   16.09    0.00    0.00    0.00    0.00    0.00    0.00   81.61
04:44:47 PM    4    3.45    0.00   12.64    0.00    0.00    0.00    0.00    0.00    0.00   83.91
04:44:47 PM    5    3.41    0.00   12.50    0.00    0.00    1.14    0.00    0.00    0.00   82.95
04:44:47 PM    6    2.38    0.00    9.52    0.00    0.00    0.00    0.00    0.00    0.00   88.10
04:44:47 PM    7    3.33    0.00   10.00    0.00    0.00    0.00    0.00    0.00    0.00   86.67
04:44:47 PM    8  100.00    0.00    0.00    0.00    0.00    0.00    0.00    0.00    0.00    0.00
04:44:47 PM    9    1.02    0.00   11.22    0.00    0.00    0.00    0.00    0.00    0.00   87.76
04:44:47 PM   10    1.00    0.00    3.00    0.00    0.00    1.00    0.00    0.00    0.00   95.00
04:44:47 PM   11    0.00    0.00    5.00    0.00    0.00    0.00    0.00    0.00    0.00   95.00
04:44:47 PM   12    0.00    0.00    2.00    0.00    0.00    0.00    0.00    0.00    0.00   98.00
04:44:47 PM   13    2.04    0.00    8.16    0.00    0.00    0.00    0.00    0.00    0.00   89.80
04:44:47 PM   14    0.00    0.00    0.99    0.00    0.00    0.00    0.00    0.00    0.00   99.01
04:44:47 PM   15    1.00    0.00    6.00    0.00    0.00    1.00    0.00    0.00    0.00   92.00
04:44:47 PM   16    3.19    0.00   11.70    0.00    0.00    1.06    0.00    0.00    0.00   84.04
04:44:47 PM   17    3.30    0.00    7.69    0.00    0.00    0.00    0.00    0.00    0.00   89.01
04:44:47 PM   18    2.08    0.00   13.54    0.00    0.00    0.00    0.00    0.00    0.00   84.38
04:44:47 PM   19    1.00    0.00    3.00    0.00    0.00    0.00    0.00    0.00    0.00   96.00
04:44:47 PM   20    2.02    0.00    7.07    0.00    0.00    0.00    0.00    0.00    0.00   90.91
04:44:47 PM   21    1.01    0.00    4.04    0.00    0.00    0.00    0.00    0.00    0.00   94.95
04:44:47 PM   22    1.05    0.00    4.21    0.00    0.00   18.95    0.00    0.00    0.00   75.79
04:44:47 PM   23    0.00    0.00    1.22    0.00    0.00   13.41    0.00    0.00    0.00   85.37
04:44:47 PM   24    3.09    0.00   17.53    0.00    0.00   23.71    0.00    0.00    0.00   55.67
04:44:47 PM   25    0.00    0.00    3.70    0.00    0.00    8.64    0.00    0.00    0.00   87.65
04:44:47 PM   26    0.00    0.00    5.05    0.00    0.00    1.01    0.00    0.00    0.00   93.94
04:44:47 PM   27    2.00    0.00   13.00    0.00    0.00    0.00    0.00    0.00    0.00   85.00
04:44:47 PM   28    0.00    0.00    2.97    0.00    0.00    0.99    0.00    0.00    0.00   96.04
04:44:47 PM   29    1.01    0.00    4.04    0.00    0.00    0.00    0.00    0.00    0.00   94.95
04:44:47 PM   30    0.00    0.00    0.00    0.00    0.00    0.00    0.00    0.00    0.00  100.00
04:44:47 PM   31    0.00    0.00    0.00    0.00    0.00    0.00    0.00    0.00    0.00  100.00

04:44:47 PM  CPU    %usr   %nice    %sys %iowait    %irq   %soft  %steal  %guest  %gnice   %idle
04:44:48 PM  all    4.61    0.00    6.70    0.00    0.00    4.88    0.00    0.00    0.00   83.81
04:44:48 PM    0    0.00    0.00    0.00    0.00    0.00    0.00    0.00    0.00    0.00  100.00
04:44:48 PM    1    0.00    0.00    0.00    0.00    0.00  100.00    0.00    0.00    0.00    0.00
04:44:48 PM    2    3.61    0.00   14.46    0.00    0.00    0.00    0.00    0.00    0.00   81.93
04:44:48 PM    3    4.71    0.00   14.12    0.00    0.00    0.00    0.00    0.00    0.00   81.18
04:44:48 PM    4    3.49    0.00   13.95    0.00    0.00    0.00    0.00    0.00    0.00   82.56
04:44:48 PM    5    4.60    0.00   13.79    0.00    0.00    0.00    0.00    0.00    0.00   81.61
04:44:48 PM    6    3.49    0.00   12.79    0.00    0.00    0.00    0.00    0.00    0.00   83.72
04:44:48 PM    7    3.45    0.00    9.20    0.00    0.00    0.00    0.00    0.00    0.00   87.36
04:44:48 PM    8  100.00    0.00    0.00    0.00    0.00    0.00    0.00    0.00    0.00    0.00
04:44:48 PM    9    2.06    0.00   14.43    0.00    0.00    0.00    0.00    0.00    0.00   83.51
04:44:48 PM   10    1.01    0.00   10.10    0.00    0.00    0.00    0.00    0.00    0.00   88.89
04:44:48 PM   11    1.01    0.00    6.06    0.00    0.00    0.00    0.00    0.00    0.00   92.93
04:44:48 PM   12    0.00    0.00    2.02    0.00    0.00    0.00    0.00    0.00    0.00   97.98
04:44:48 PM   13    1.03    0.00   12.37    0.00    0.00    0.00    0.00    0.00    0.00   86.60
04:44:48 PM   14    0.00    0.00    0.00    0.00    0.00    0.00    0.00    0.00    0.00  100.00
04:44:48 PM   15    1.02    0.00    5.10    0.00    0.00    0.00    0.00    0.00    0.00   93.88
04:44:48 PM   16    2.13    0.00   14.89    0.00    0.00    1.06    0.00    0.00    0.00   81.91
04:44:48 PM   17    3.06    0.00   15.31    0.00    0.00    0.00    0.00    0.00    0.00   81.63
04:44:48 PM   18    2.06    0.00   13.40    0.00    0.00    0.00    0.00    0.00    0.00   84.54
04:44:48 PM   19    0.00    0.00    2.02    0.00    0.00    0.00    0.00    0.00    0.00   97.98
04:44:48 PM   20    1.02    0.00    3.06    0.00    0.00    0.00    0.00    0.00    0.00   95.92
04:44:48 PM   21    0.00    0.00    0.00    0.00    0.00    0.00    0.00    0.00    0.00  100.00
04:44:48 PM   22    0.00    0.00    2.20    0.00    0.00   18.68    0.00    0.00    0.00   79.12
04:44:48 PM   23    0.00    0.00    0.00    0.00    0.00   11.54    0.00    0.00    0.00   88.46
04:44:48 PM   24    2.22    0.00    7.78    0.00    0.00   22.22    0.00    0.00    0.00   67.78
04:44:48 PM   25    0.00    0.00    0.00    0.00    0.00    1.28    0.00    0.00    0.00   98.72
04:44:48 PM   26    0.00    0.00    5.15    0.00    0.00    0.00    0.00    0.00    0.00   94.85
04:44:48 PM   27    2.04    0.00   14.29    0.00    0.00    0.00    0.00    0.00    0.00   83.67
04:44:48 PM   28    1.02    0.00    7.14    0.00    0.00    0.00    0.00    0.00    0.00   91.84
04:44:48 PM   29    0.00    0.00    3.00    0.00    0.00    1.00    0.00    0.00    0.00   96.00
04:44:48 PM   30    0.00    0.00    0.99    0.00    0.00    0.00    0.00    0.00    0.00   99.01
04:44:48 PM   31    0.00    0.00    0.00    0.00    0.00    0.00    0.00    0.00    0.00  100.00

04:44:48 PM  CPU    %usr   %nice    %sys %iowait    %irq   %soft  %steal  %guest  %gnice   %idle
04:44:49 PM  all    4.79    0.00    6.58    0.00    0.00    4.46    0.00    0.00    0.00   84.17
04:44:49 PM    0    0.00    0.00    0.00    0.00    0.00    0.00    0.00    0.00    0.00  100.00
04:44:49 PM    1    0.00    0.00    0.00    0.00    0.00   99.00    0.00    0.00    0.00    1.00
04:44:49 PM    2    4.71    0.00   15.29    0.00    0.00    0.00    0.00    0.00    0.00   80.00
04:44:49 PM    3    4.65    0.00   15.12    0.00    0.00    0.00    0.00    0.00    0.00   80.23
04:44:49 PM    4    3.57    0.00   11.90    0.00    0.00    0.00    0.00    0.00    0.00   84.52
04:44:49 PM    5    3.49    0.00   12.79    0.00    0.00    0.00    0.00    0.00    0.00   83.72
04:44:49 PM    6    2.33    0.00   11.63    0.00    0.00    1.16    0.00    0.00    0.00   84.88
04:44:49 PM    7    2.35    0.00    8.24    0.00    0.00    0.00    0.00    0.00    0.00   89.41
04:44:49 PM    8  100.00    0.00    0.00    0.00    0.00    0.00    0.00    0.00    0.00    0.00
04:44:49 PM    9    2.02    0.00   12.12    0.00    0.00    0.00    0.00    0.00    0.00   85.86
04:44:49 PM   10    2.94    0.00   12.75    0.00    0.00    0.00    0.00    0.00    0.00   84.31
04:44:49 PM   11    1.00    0.00    3.00    0.00    0.00    0.00    0.00    0.00    0.00   96.00
04:44:49 PM   12    1.00    0.00    8.00    0.00    0.00    0.00    0.00    0.00    0.00   91.00
04:44:49 PM   13    0.99    0.00    5.94    0.00    0.00    0.00    0.00    0.00    0.00   93.07
04:44:49 PM   14    0.00    0.00    0.00    0.00    0.00    0.00    0.00    0.00    0.00  100.00
04:44:49 PM   15    1.01    0.00    4.04    0.00    0.00    0.00    0.00    0.00    0.00   94.95
04:44:49 PM   16    2.15    0.00   11.83    0.00    0.00    0.00    0.00    0.00    0.00   86.02
04:44:49 PM   17    2.08    0.00   12.50    0.00    0.00    0.00    0.00    0.00    0.00   85.42
04:44:49 PM   18    2.08    0.00   16.67    0.00    0.00    0.00    0.00    0.00    0.00   81.25
04:44:49 PM   19    2.04    0.00    5.10    0.00    0.00    0.00    0.00    0.00    0.00   92.86
04:44:49 PM   20    1.01    0.00    6.06    0.00    0.00    1.01    0.00    0.00    0.00   91.92
04:44:49 PM   21    1.02    0.00    1.02    0.00    0.00    0.00    0.00    0.00    0.00   97.96
04:44:49 PM   22    1.08    0.00    4.30    0.00    0.00   16.13    0.00    0.00    0.00   78.49
04:44:49 PM   23    0.00    0.00    1.18    0.00    0.00   12.94    0.00    0.00    0.00   85.88
04:44:49 PM   24    0.00    0.00    0.00    0.00    0.00    6.33    0.00    0.00    0.00   93.67
04:44:49 PM   25    0.00    0.00    0.00    0.00    0.00    2.53    0.00    0.00    0.00   97.47
04:44:49 PM   26    1.00    0.00    6.00    0.00    0.00    0.00    0.00    0.00    0.00   93.00
04:44:49 PM   27    2.02    0.00   11.11    0.00    0.00    1.01    0.00    0.00    0.00   85.86
04:44:49 PM   28    0.00    0.00    0.00    0.00    0.00    0.00    0.00    0.00    0.00  100.00
04:44:49 PM   29    4.04    0.00   16.16    0.00    0.00    0.00    0.00    0.00    0.00   79.80
04:44:49 PM   30    0.00    0.00    0.00    0.00    0.00    0.00    0.00    0.00    0.00  100.00
04:44:49 PM   31    0.00    0.00    0.00    0.00    0.00    0.00    0.00    0.00    0.00  100.00

04:44:49 PM  CPU    %usr   %nice    %sys %iowait    %irq   %soft  %steal  %guest  %gnice   %idle
04:44:50 PM  all    4.52    0.00    6.27    0.00    0.00    5.05    0.00    0.00    0.00   84.17
04:44:50 PM    0    0.00    0.00    0.00    0.00    0.00    0.00    0.00    0.00    0.00  100.00
04:44:50 PM    1    0.00    0.00    0.00    0.00    0.00  100.00    0.00    0.00    0.00    0.00
04:44:50 PM    2    2.44    0.00   14.63    0.00    0.00    0.00    0.00    0.00    0.00   82.93
04:44:50 PM    3    2.44    0.00   12.20    0.00    0.00    0.00    0.00    0.00    0.00   85.37
04:44:50 PM    4    4.65    0.00   13.95    0.00    0.00    0.00    0.00    0.00    0.00   81.40
04:44:50 PM    5    3.49    0.00   15.12    0.00    0.00    0.00    0.00    0.00    0.00   81.40
04:44:50 PM    6    3.57    0.00   10.71    0.00    0.00    0.00    0.00    0.00    0.00   85.71
04:44:50 PM    7    3.37    0.00   10.11    0.00    0.00    0.00    0.00    0.00    0.00   86.52
04:44:50 PM    8  100.00    0.00    0.00    0.00    0.00    0.00    0.00    0.00    0.00    0.00
04:44:50 PM    9    3.03    0.00   17.17    0.00    0.00    1.01    0.00    0.00    0.00   78.79
04:44:50 PM   10    1.02    0.00   11.22    0.00    0.00    0.00    0.00    0.00    0.00   87.76
04:44:50 PM   11    0.00    0.00    0.00    0.00    0.00    0.00    0.00    0.00    0.00  100.00
04:44:50 PM   12    1.00    0.00    3.00    0.00    0.00    0.00    0.00    0.00    0.00   96.00
04:44:50 PM   13    0.00    0.00    0.00    0.00    0.00    0.00    0.00    0.00    0.00  100.00
04:44:50 PM   14    0.00    0.00    0.99    0.00    0.00    0.00    0.00    0.00    0.00   99.01
04:44:50 PM   15    0.00    0.00    0.99    0.00    0.00    0.00    0.00    0.00    0.00   99.01
04:44:50 PM   16    3.16    0.00   16.84    0.00    0.00    1.05    0.00    0.00    0.00   78.95
04:44:50 PM   17    2.15    0.00   10.75    0.00    0.00    0.00    0.00    0.00    0.00   87.10
04:44:50 PM   18    2.15    0.00   10.75    0.00    0.00    1.08    0.00    0.00    0.00   86.02
04:44:50 PM   19    0.00    0.00    4.12    0.00    0.00    0.00    0.00    0.00    0.00   95.88
04:44:50 PM   20    1.01    0.00    7.07    0.00    0.00    0.00    0.00    0.00    0.00   91.92
04:44:50 PM   21    0.00    0.00    2.97    0.00    0.00    0.00    0.00    0.00    0.00   97.03
04:44:50 PM   22    0.00    0.00    5.26    0.00    0.00   18.95    0.00    0.00    0.00   75.79
04:44:50 PM   23    0.00    0.00    1.10    0.00    0.00   15.38    0.00    0.00    0.00   83.52
04:44:50 PM   24    3.33    0.00   13.33    0.00    0.00   18.89    0.00    0.00    0.00   64.44
04:44:50 PM   25    0.00    0.00    0.00    0.00    0.00    1.32    0.00    0.00    0.00   98.68
04:44:50 PM   26    0.00    0.00    1.00    0.00    0.00    0.00    0.00    0.00    0.00   99.00
04:44:50 PM   27    2.02    0.00   11.11    0.00    0.00    0.00    0.00    0.00    0.00   86.87
04:44:50 PM   28    0.00    0.00    1.01    0.00    0.00    0.00    0.00    0.00    0.00   98.99
04:44:50 PM   29    2.04    0.00   11.22    0.00    0.00    0.00    0.00    0.00    0.00   86.73
04:44:50 PM   30    0.00    0.00    0.00    0.00    0.00    0.00    0.00    0.00    0.00  100.00
04:44:50 PM   31    0.00    0.00    0.00    0.00    0.00    0.00    0.00    0.00    0.00  100.00

Average:     CPU    %usr   %nice    %sys %iowait    %irq   %soft  %steal  %guest  %gnice   %idle
Average:     all    4.64    0.00    6.38    0.00    0.00    4.92    0.00    0.00    0.00   84.07
Average:       0    0.20    0.00    0.91    0.00    0.00    0.10    0.00    0.00    0.00   98.78
Average:       1    0.00    0.00    0.00    0.00    0.00   99.00    0.00    0.00    0.00    1.00
Average:       2    3.28    0.00   13.48    0.00    0.00    0.23    0.00    0.00    0.00   83.00
Average:       3    3.13    0.00   12.88    0.00    0.00    0.12    0.00    0.00    0.00   83.87
Average:       4    3.24    0.00   12.37    0.00    0.00    0.12    0.00    0.00    0.00   84.28
Average:       5    3.55    0.00   12.14    0.00    0.00    0.11    0.00    0.00    0.00   84.19
Average:       6    2.65    0.00   10.61    0.00    0.00    0.12    0.00    0.00    0.00   86.62
Average:       7    2.69    0.00    8.64    0.00    0.00    0.11    0.00    0.00    0.00   88.55
Average:       8  100.00    0.00    0.00    0.00    0.00    0.00    0.00    0.00    0.00    0.00
Average:       9    1.83    0.00   11.80    0.00    0.00    0.31    0.00    0.00    0.00   86.06
Average:      10    1.31    0.00    8.25    0.00    0.00    0.20    0.00    0.00    0.00   90.24
Average:      11    1.21    0.00    6.56    0.00    0.00    0.10    0.00    0.00    0.00   92.13
Average:      12    0.50    0.00    3.72    0.00    0.00    0.10    0.00    0.00    0.00   95.68
Average:      13    0.71    0.00    4.96    0.00    0.00    0.00    0.00    0.00    0.00   94.33
Average:      14    0.10    0.00    0.50    0.00    0.00    0.00    0.00    0.00    0.00   99.40
Average:      15    0.50    0.00    2.42    0.00    0.00    0.10    0.00    0.00    0.00   96.98
Average:      16    2.75    0.00   13.73    0.00    0.00    0.53    0.00    0.00    0.00   83.00
Average:      17    1.97    0.00    8.41    0.00    0.00    0.00    0.00    0.00    0.00   89.63
Average:      18    2.30    0.00   12.63    0.00    0.00    0.31    0.00    0.00    0.00   84.76
Average:      19    1.02    0.00    4.38    0.00    0.00    0.10    0.00    0.00    0.00   94.50
Average:      20    1.63    0.00    7.23    0.00    0.00    0.20    0.00    0.00    0.00   90.94
Average:      21    0.40    0.00    1.51    0.10    0.00    0.00    0.00    0.00    0.00   97.99
Average:      22    0.67    0.00    3.36    0.00    0.00   14.69    0.00    0.00    0.00   81.28
Average:      23    0.24    0.00    1.06    0.00    0.00   12.38    0.00    0.00    0.00   86.32
Average:      24    2.79    0.00   13.52    0.00    0.00   21.14    0.00    0.00    0.00   62.55
Average:      25    0.37    0.00    1.73    0.00    0.00    4.21    0.00    0.00    0.00   93.69
Average:      26    0.80    0.00    4.73    0.00    0.00    0.10    0.00    0.00    0.00   94.37
Average:      27    1.72    0.00   10.81    0.00    0.00    0.20    0.00    0.00    0.00   87.27
Average:      28    0.61    0.00    4.14    0.00    0.00    0.20    0.00    0.00    0.00   95.05
Average:      29    1.52    0.00    9.24    0.00    0.00    0.20    0.00    0.00    0.00   89.04
Average:      30    0.30    0.00    1.51    0.00    0.00    0.10    0.00    0.00    0.00   98.09
Average:      31    0.10    0.00    0.30    0.00    0.00    0.00    0.00    0.00    0.00   99.60
