Linux 7.0.0-22-generic (ms-a2-gateway) 	06/07/2026 	_x86_64_	(32 CPU)

04:44:30 PM  CPU    %usr   %nice    %sys %iowait    %irq   %soft  %steal  %guest  %gnice   %idle
04:44:31 PM  all    1.12    0.00    6.82    0.00    0.00    5.44    0.00    0.00    0.00   86.62
04:44:31 PM    0    2.08    0.00   12.50    0.00    0.00    0.00    0.00    0.00    0.00   85.42
04:44:31 PM    1    0.00    0.00    0.00    0.00    0.00  100.00    0.00    0.00    0.00    0.00
04:44:31 PM    2    4.60    0.00   21.84    0.00    0.00    1.15    0.00    0.00    0.00   72.41
04:44:31 PM    3    3.37    0.00   20.22    0.00    0.00    1.12    0.00    0.00    0.00   75.28
04:44:31 PM    4    4.40    0.00   18.68    0.00    0.00    1.10    0.00    0.00    0.00   75.82
04:44:31 PM    5    2.33    0.00   13.95    0.00    0.00    1.16    0.00    0.00    0.00   82.56
04:44:31 PM    6    2.33    0.00   15.12    0.00    0.00    1.16    0.00    0.00    0.00   81.40
04:44:31 PM    7    3.45    0.00   10.34    0.00    0.00    0.00    0.00    0.00    0.00   86.21
04:44:31 PM    8    0.00    0.00    0.00    0.00    0.00    0.00    0.00    0.00    0.00  100.00
04:44:31 PM    9    0.00    0.00    0.00    0.00    0.00    0.00    0.00    0.00    0.00  100.00
04:44:31 PM   10    0.00    0.00    0.00    0.00    0.00    0.00    0.00    0.00    0.00  100.00
04:44:31 PM   11    0.00    0.00    0.00    0.00    0.00    0.00    0.00    0.00    0.00  100.00
04:44:31 PM   12    0.00    0.00    0.00    0.00    0.00    0.00    0.00    0.00    0.00  100.00
04:44:31 PM   13    0.00    0.00    0.00    0.00    0.00    0.00    0.00    0.00    0.00  100.00
04:44:31 PM   14    0.00    0.00    0.99    0.00    0.00    0.00    0.00    0.00    0.00   99.01
04:44:31 PM   15    0.00    0.00    0.99    0.00    0.00    0.00    0.00    0.00    0.00   99.01
04:44:31 PM   16    1.10    0.00   15.38    0.00    0.00    2.20    0.00    0.00    0.00   81.32
04:44:31 PM   17    2.15    0.00   10.75    0.00    0.00    0.00    0.00    0.00    0.00   87.10
04:44:31 PM   18    2.22    0.00   14.44    0.00    0.00    0.00    0.00    0.00    0.00   83.33
04:44:31 PM   19    2.13    0.00   14.89    0.00    0.00    0.00    0.00    0.00    0.00   82.98
04:44:31 PM   20    1.03    0.00   16.49    0.00    0.00    0.00    0.00    0.00    0.00   82.47
04:44:31 PM   21    2.02    0.00   11.11    0.00    0.00    0.00    0.00    0.00    0.00   86.87
04:44:31 PM   22    1.04    0.00    8.33    0.00    0.00   19.79    0.00    0.00    0.00   70.83
04:44:31 PM   23    2.15    0.00    9.68    0.00    0.00   17.20    0.00    0.00    0.00   70.97
04:44:31 PM   24    0.00    0.00    1.35    0.00    0.00    8.11    0.00    0.00    0.00   90.54
04:44:31 PM   25    0.00    0.00    2.30    0.00    0.00   20.69    0.00    0.00    0.00   77.01
04:44:31 PM   26    0.99    0.00    2.97    0.00    0.00    0.00    0.00    0.00    0.00   96.04
04:44:31 PM   27    0.00    0.00    2.02    0.00    0.00    0.00    0.00    0.00    0.00   97.98
04:44:31 PM   28    0.00    0.00    2.00    0.00    0.00    0.00    0.00    0.00    0.00   98.00
04:44:31 PM   29    0.00    0.00    0.00    0.00    0.00    0.00    0.00    0.00    0.00  100.00
04:44:31 PM   30    0.00    0.00    0.00    0.00    0.00    0.00    0.00    0.00    0.00  100.00
04:44:31 PM   31    0.00    0.00    0.00    0.00    0.00    0.00    0.00    0.00    0.00  100.00

04:44:31 PM  CPU    %usr   %nice    %sys %iowait    %irq   %soft  %steal  %guest  %gnice   %idle
04:44:32 PM  all    1.10    0.00    6.64    0.00    0.00    5.55    0.00    0.00    0.00   86.71
04:44:32 PM    0    1.05    0.00   13.68    0.00    0.00    1.05    0.00    0.00    0.00   84.21
04:44:32 PM    1    0.00    0.00    0.00    0.00    0.00   99.00    0.00    0.00    0.00    1.00
04:44:32 PM    2    3.45    0.00   14.94    0.00    0.00    1.15    0.00    0.00    0.00   80.46
04:44:32 PM    3    2.27    0.00   21.59    0.00    0.00    1.14    0.00    0.00    0.00   75.00
04:44:32 PM    4    3.45    0.00   14.94    0.00    0.00    1.15    0.00    0.00    0.00   80.46
04:44:32 PM    5    2.35    0.00   12.94    0.00    0.00    1.18    0.00    0.00    0.00   83.53
04:44:32 PM    6    3.37    0.00   13.48    0.00    0.00    1.12    0.00    0.00    0.00   82.02
04:44:32 PM    7    3.41    0.00   11.36    0.00    0.00    0.00    0.00    0.00    0.00   85.23
04:44:32 PM    8    0.00    0.00    0.00    0.00    0.00    0.00    0.00    0.00    0.00  100.00
04:44:32 PM    9    0.00    0.00    0.00    0.00    0.00    0.00    0.00    0.00    0.00  100.00
04:44:32 PM   10    0.00    0.00    0.00    0.00    0.00    0.00    0.00    0.00    0.00  100.00
04:44:32 PM   11    0.00    0.00    0.00    0.00    0.00    0.00    0.00    0.00    0.00  100.00
04:44:32 PM   12    0.00    0.00    0.00    0.00    0.00    0.00    0.00    0.00    0.00  100.00
04:44:32 PM   13    0.00    0.00    0.00    0.00    0.00    0.00    0.00    0.00    0.00  100.00
04:44:32 PM   14    0.00    0.00    0.00    0.00    0.00    0.00    0.00    0.00    0.00  100.00
04:44:32 PM   15    0.00    0.00    0.00    0.00    0.00    0.00    0.00    0.00    0.00  100.00
04:44:32 PM   16    3.30    0.00   16.48    0.00    0.00    1.10    0.00    0.00    0.00   79.12
04:44:32 PM   17    1.05    0.00   14.74    0.00    0.00    1.05    0.00    0.00    0.00   83.16
04:44:32 PM   18    3.23    0.00   18.28    0.00    0.00    2.15    0.00    0.00    0.00   76.34
04:44:32 PM   19    2.17    0.00   15.22    0.00    0.00    1.09    0.00    0.00    0.00   81.52
04:44:32 PM   20    3.12    0.00   20.83    0.00    0.00    1.04    0.00    0.00    0.00   75.00
04:44:32 PM   21    1.08    0.00   12.90    0.00    0.00    1.08    0.00    0.00    0.00   84.95
04:44:32 PM   22    1.09    0.00    7.61    0.00    0.00   19.57    0.00    0.00    0.00   71.74
04:44:32 PM   23    2.17    0.00   10.87    0.00    0.00   20.65    0.00    0.00    0.00   66.30
04:44:32 PM   24    0.00    0.00    0.00    0.00    0.00   16.46    0.00    0.00    0.00   83.54
04:44:32 PM   25    0.00    0.00    0.00    0.00    0.00    7.14    0.00    0.00    0.00   92.86
04:44:32 PM   26    0.00    0.00    0.00    0.00    0.00    0.00    0.00    0.00    0.00  100.00
04:44:32 PM   27    0.00    0.00    0.00    0.00    0.00    0.00    0.00    0.00    0.00  100.00
04:44:32 PM   28    0.00    0.00    0.00    0.00    0.00    0.00    0.00    0.00    0.00  100.00
04:44:32 PM   29    0.00    0.00    0.00    0.00    0.00    0.00    0.00    0.00    0.00  100.00
04:44:32 PM   30    0.00    0.00    0.00    0.00    0.00    0.00    0.00    0.00    0.00  100.00
04:44:32 PM   31    0.00    0.00    0.00    0.00    0.00    0.00    0.00    0.00    0.00  100.00

04:44:32 PM  CPU    %usr   %nice    %sys %iowait    %irq   %soft  %steal  %guest  %gnice   %idle
04:44:33 PM  all    1.10    0.00    6.74    0.03    0.00    4.98    0.00    0.00    0.00   87.15
04:44:33 PM    0    1.09    0.00   11.96    0.00    0.00    0.00    0.00    0.00    0.00   86.96
04:44:33 PM    1    0.00    0.00    0.00    0.00    0.00   99.00    0.00    0.00    0.00    1.00
04:44:33 PM    2    3.37    0.00   15.73    0.00    0.00    0.00    0.00    0.00    0.00   80.90
04:44:33 PM    3    3.37    0.00   14.61    0.00    0.00    1.12    0.00    0.00    0.00   80.90
04:44:33 PM    4    3.37    0.00   16.85    0.00    0.00    0.00    0.00    0.00    0.00   79.78
04:44:33 PM    5    3.41    0.00   14.77    0.00    0.00    0.00    0.00    0.00    0.00   81.82
04:44:33 PM    6    2.25    0.00   13.48    0.00    0.00    0.00    0.00    0.00    0.00   84.27
04:44:33 PM    7    2.22    0.00   12.22    0.00    0.00    1.11    0.00    0.00    0.00   84.44
04:44:33 PM    8    0.00    0.00    0.00    0.00    0.00    0.00    0.00    0.00    0.00  100.00
04:44:33 PM    9    0.00    0.00    0.00    0.00    0.00    0.00    0.00    0.00    0.00  100.00
04:44:33 PM   10    0.00    0.00    0.00    0.00    0.00    0.00    0.00    0.00    0.00  100.00
04:44:33 PM   11    0.00    0.00    0.00    0.00    0.00    0.00    0.00    0.00    0.00  100.00
04:44:33 PM   12    0.00    0.00    0.00    0.00    0.00    0.00    0.00    0.00    0.00  100.00
04:44:33 PM   13    0.00    0.00    0.00    0.00    0.00    0.00    0.00    0.00    0.00  100.00
04:44:33 PM   14    0.00    0.00    0.00    0.00    0.00    0.00    0.00    0.00    0.00  100.00
04:44:33 PM   15    0.00    0.00    0.00    0.00    0.00    0.00    0.00    0.00    0.00  100.00
04:44:33 PM   16    3.16    0.00   18.95    0.00    0.00    1.05    0.00    0.00    0.00   76.84
04:44:33 PM   17    2.17    0.00   13.04    0.00    0.00    0.00    0.00    0.00    0.00   84.78
04:44:33 PM   18    2.13    0.00   24.47    0.00    0.00    1.06    0.00    0.00    0.00   72.34
04:44:33 PM   19    2.17    0.00   14.13    0.00    0.00    1.09    0.00    0.00    0.00   82.61
04:44:33 PM   20    3.16    0.00   18.95    0.00    0.00    1.05    0.00    0.00    0.00   76.84
04:44:33 PM   21    1.06    0.00   14.89    0.00    0.00    1.06    0.00    0.00    0.00   82.98
04:44:33 PM   22    2.20    0.00    8.79    0.00    0.00   18.68    0.00    0.00    0.00   70.33
04:44:33 PM   23    1.10    0.00    8.79    0.00    0.00   20.88    0.00    0.00    0.00   69.23
04:44:33 PM   24    0.00    0.00    0.00    1.43    0.00    4.29    0.00    0.00    0.00   94.29
04:44:33 PM   25    0.00    0.00    0.00    0.00    0.00    6.94    0.00    0.00    0.00   93.06
04:44:33 PM   26    0.00    0.00    0.00    0.00    0.00    0.00    0.00    0.00    0.00  100.00
04:44:33 PM   27    0.00    0.00    0.00    0.00    0.00    0.00    0.00    0.00    0.00  100.00
04:44:33 PM   28    0.00    0.00    0.00    0.00    0.00    0.00    0.00    0.00    0.00  100.00
04:44:33 PM   29    0.00    0.00    0.00    0.00    0.00    0.00    0.00    0.00    0.00  100.00
04:44:33 PM   30    0.00    0.00    0.00    0.00    0.00    0.00    0.00    0.00    0.00  100.00
04:44:33 PM   31    0.00    0.00    0.00    0.00    0.00    0.00    0.00    0.00    0.00  100.00

04:44:33 PM  CPU    %usr   %nice    %sys %iowait    %irq   %soft  %steal  %guest  %gnice   %idle
04:44:34 PM  all    1.00    0.00    6.94    0.00    0.00    5.34    0.00    0.00    0.00   86.72
04:44:34 PM    0    3.19    0.00   14.89    0.00    0.00    0.00    0.00    0.00    0.00   81.91
04:44:34 PM    1    0.00    0.00    0.00    0.00    0.00  100.00    0.00    0.00    0.00    0.00
04:44:34 PM    2    3.49    0.00   13.95    0.00    0.00    1.16    0.00    0.00    0.00   81.40
04:44:34 PM    3    3.41    0.00   15.91    0.00    0.00    1.14    0.00    0.00    0.00   79.55
04:44:34 PM    4    2.30    0.00   16.09    0.00    0.00    1.15    0.00    0.00    0.00   80.46
04:44:34 PM    5    2.27    0.00   14.77    0.00    0.00    1.14    0.00    0.00    0.00   81.82
04:44:34 PM    6    2.27    0.00   14.77    0.00    0.00    0.00    0.00    0.00    0.00   82.95
04:44:34 PM    7    2.27    0.00   12.50    0.00    0.00    0.00    0.00    0.00    0.00   85.23
04:44:34 PM    8    0.00    0.00    0.00    0.00    0.00    0.00    0.00    0.00    0.00  100.00
04:44:34 PM    9    0.00    0.00    0.00    0.00    0.00    0.00    0.00    0.00    0.00  100.00
04:44:34 PM   10    0.00    0.00    0.00    0.00    0.00    0.00    0.00    0.00    0.00  100.00
04:44:34 PM   11    0.00    0.00    0.00    0.00    0.00    0.00    0.00    0.00    0.00  100.00
04:44:34 PM   12    0.00    0.00    0.00    0.00    0.00    0.00    0.00    0.00    0.00  100.00
04:44:34 PM   13    0.00    0.00    0.00    0.00    0.00    0.00    0.00    0.00    0.00  100.00
04:44:34 PM   14    0.00    0.00    0.00    0.00    0.00    0.00    0.00    0.00    0.00  100.00
04:44:34 PM   15    0.00    0.00    0.00    0.00    0.00    0.00    0.00    0.00    0.00  100.00
04:44:34 PM   16    2.17    0.00   18.48    0.00    0.00    2.17    0.00    0.00    0.00   77.17
04:44:34 PM   17    2.06    0.00   17.53    0.00    0.00    1.03    0.00    0.00    0.00   79.38
04:44:34 PM   18    2.22    0.00   20.00    0.00    0.00    1.11    0.00    0.00    0.00   76.67
04:44:34 PM   19    2.15    0.00   19.35    0.00    0.00    1.08    0.00    0.00    0.00   77.42
04:44:34 PM   20    1.09    0.00   18.48    0.00    0.00    2.17    0.00    0.00    0.00   78.26
04:44:34 PM   21    2.17    0.00   13.04    0.00    0.00    1.09    0.00    0.00    0.00   83.70
04:44:34 PM   22    1.11    0.00    8.89    0.00    0.00   21.11    0.00    0.00    0.00   68.89
04:44:34 PM   23    1.08    0.00   10.75    0.00    0.00   21.51    0.00    0.00    0.00   66.67
04:44:34 PM   24    0.00    0.00    0.00    0.00    0.00    1.52    0.00    0.00    0.00   98.48
04:44:34 PM   25    0.00    0.00    0.00    0.00    0.00   10.96    0.00    0.00    0.00   89.04
04:44:34 PM   26    0.00    0.00    0.00    0.00    0.00    0.00    0.00    0.00    0.00  100.00
04:44:34 PM   27    0.00    0.00    0.00    0.00    0.00    0.00    0.00    0.00    0.00  100.00
04:44:34 PM   28    0.00    0.00    0.00    0.00    0.00    0.00    0.00    0.00    0.00  100.00
04:44:34 PM   29    0.00    0.00    0.00    0.00    0.00    0.00    0.00    0.00    0.00  100.00
04:44:34 PM   30    0.00    0.00    0.00    0.00    0.00    0.00    0.00    0.00    0.00  100.00
04:44:34 PM   31    0.00    0.00    0.00    0.00    0.00    0.00    0.00    0.00    0.00  100.00

04:44:34 PM  CPU    %usr   %nice    %sys %iowait    %irq   %soft  %steal  %guest  %gnice   %idle
04:44:35 PM  all    1.27    0.00    6.43    0.00    0.00    5.00    0.00    0.00    0.00   87.30
04:44:35 PM    0    1.10    0.00    9.89    0.00    0.00    0.00    0.00    0.00    0.00   89.01
04:44:35 PM    1    0.00    0.00    0.00    0.00    0.00   99.01    0.00    0.00    0.00    0.99
04:44:35 PM    2    4.44    0.00   17.78    0.00    0.00    1.11    0.00    0.00    0.00   76.67
04:44:35 PM    3    3.45    0.00   17.24    0.00    0.00    1.15    0.00    0.00    0.00   78.16
04:44:35 PM    4    4.49    0.00   14.61    0.00    0.00    0.00    0.00    0.00    0.00   80.90
04:44:35 PM    5    2.25    0.00   14.61    0.00    0.00    1.12    0.00    0.00    0.00   82.02
04:44:35 PM    6    3.37    0.00   12.36    0.00    0.00    1.12    0.00    0.00    0.00   83.15
04:44:35 PM    7    2.22    0.00   12.22    0.00    0.00    0.00    0.00    0.00    0.00   85.56
04:44:35 PM    8    0.00    0.00    0.00    0.00    0.00    0.00    0.00    0.00    0.00  100.00
04:44:35 PM    9    0.00    0.00    0.00    0.00    0.00    0.00    0.00    0.00    0.00  100.00
04:44:35 PM   10    0.00    0.00    0.00    0.00    0.00    0.00    0.00    0.00    0.00  100.00
04:44:35 PM   11    0.00    0.00    0.00    0.00    0.00    0.00    0.00    0.00    0.00  100.00
04:44:35 PM   12    0.00    0.00    0.00    0.00    0.00    0.00    0.00    0.00    0.00  100.00
04:44:35 PM   13    0.00    0.00    0.00    0.00    0.00    0.00    0.00    0.00    0.00  100.00
04:44:35 PM   14    0.00    0.00    0.00    0.00    0.00    0.00    0.00    0.00    0.00  100.00
04:44:35 PM   15    0.00    0.00    0.00    0.00    0.00    0.00    0.00    0.00    0.00  100.00
04:44:35 PM   16    3.30    0.00   17.58    0.00    0.00    1.10    0.00    0.00    0.00   78.02
04:44:35 PM   17    2.17    0.00   11.96    0.00    0.00    1.09    0.00    0.00    0.00   84.78
04:44:35 PM   18    3.26    0.00   18.48    0.00    0.00    1.09    0.00    0.00    0.00   77.17
04:44:35 PM   19    2.15    0.00   18.28    0.00    0.00    1.08    0.00    0.00    0.00   78.49
04:44:35 PM   20    3.09    0.00   19.59    0.00    0.00    2.06    0.00    0.00    0.00   75.26
04:44:35 PM   21    2.22    0.00   13.33    0.00    0.00    0.00    0.00    0.00    0.00   84.44
04:44:35 PM   22    2.27    0.00    5.68    0.00    0.00   17.05    0.00    0.00    0.00   75.00
04:44:35 PM   23    2.17    0.00    8.70    0.00    0.00   19.57    0.00    0.00    0.00   69.57
04:44:35 PM   24    0.00    0.00    0.00    0.00    0.00    4.29    0.00    0.00    0.00   95.71
04:44:35 PM   25    0.00    0.00    0.00    0.00    0.00    5.63    0.00    0.00    0.00   94.37
04:44:35 PM   26    0.00    0.00    0.00    0.00    0.00    0.00    0.00    0.00    0.00  100.00
04:44:35 PM   27    0.00    0.00    0.00    0.00    0.00    0.00    0.00    0.00    0.00  100.00
04:44:35 PM   28    0.00    0.00    0.00    0.00    0.00    0.00    0.00    0.00    0.00  100.00
04:44:35 PM   29    0.00    0.00    0.00    0.00    0.00    0.00    0.00    0.00    0.00  100.00
04:44:35 PM   30    0.00    0.00    0.00    0.00    0.00    0.00    0.00    0.00    0.00  100.00
04:44:35 PM   31    0.00    0.00    0.00    0.00    0.00    0.00    0.00    0.00    0.00  100.00

04:44:35 PM  CPU    %usr   %nice    %sys %iowait    %irq   %soft  %steal  %guest  %gnice   %idle
04:44:36 PM  all    1.14    0.00    6.81    0.00    0.00    5.18    0.00    0.00    0.00   86.88
04:44:36 PM    0    2.17    0.00   10.87    0.00    0.00    1.09    0.00    0.00    0.00   85.87
04:44:36 PM    1    0.00    0.00    1.00    0.00    0.00   99.00    0.00    0.00    0.00    0.00
04:44:36 PM    2    2.35    0.00   14.12    0.00    0.00    1.18    0.00    0.00    0.00   82.35
04:44:36 PM    3    2.25    0.00   16.85    0.00    0.00    1.12    0.00    0.00    0.00   79.78
04:44:36 PM    4    3.45    0.00   12.64    0.00    0.00    1.15    0.00    0.00    0.00   82.76
04:44:36 PM    5    3.45    0.00   10.34    0.00    0.00    0.00    0.00    0.00    0.00   86.21
04:44:36 PM    6    2.30    0.00   12.64    0.00    0.00    0.00    0.00    0.00    0.00   85.06
04:44:36 PM    7    2.33    0.00   11.63    0.00    0.00    0.00    0.00    0.00    0.00   86.05
04:44:36 PM    8    0.00    0.00    0.00    0.00    0.00    0.00    0.00    0.00    0.00  100.00
04:44:36 PM    9    0.00    0.00    0.00    0.00    0.00    0.00    0.00    0.00    0.00  100.00
04:44:36 PM   10    0.00    0.00    0.00    0.00    0.00    0.00    0.00    0.00    0.00  100.00
04:44:36 PM   11    0.00    0.00    0.00    0.00    0.00    0.00    0.00    0.00    0.00  100.00
04:44:36 PM   12    0.00    0.00    0.00    0.00    0.00    0.00    0.00    0.00    0.00  100.00
04:44:36 PM   13    0.00    0.00    0.00    0.00    0.00    0.00    0.00    0.00    0.00  100.00
04:44:36 PM   14    0.00    0.00    0.00    0.00    0.00    0.00    0.00    0.00    0.00  100.00
04:44:36 PM   15    0.00    0.00    0.00    0.00    0.00    0.00    0.00    0.00    0.00  100.00
04:44:36 PM   16    2.20    0.00   23.08    0.00    0.00    0.00    0.00    0.00    0.00   74.73
04:44:36 PM   17    2.11    0.00   15.79    0.00    0.00    0.00    0.00    0.00    0.00   82.11
04:44:36 PM   18    3.23    0.00   21.51    0.00    0.00    1.08    0.00    0.00    0.00   74.19
04:44:36 PM   19    3.26    0.00   16.30    0.00    0.00    0.00    0.00    0.00    0.00   80.43
04:44:36 PM   20    3.16    0.00   23.16    0.00    0.00    1.05    0.00    0.00    0.00   72.63
04:44:36 PM   21    3.16    0.00   16.84    0.00    0.00    1.05    0.00    0.00    0.00   78.95
04:44:36 PM   22    1.10    0.00    9.89    0.00    0.00   19.78    0.00    0.00    0.00   69.23
04:44:36 PM   23    1.11    0.00    7.78    0.00    0.00   22.22    0.00    0.00    0.00   68.89
04:44:36 PM   24    0.00    0.00    0.00    0.00    0.00    2.99    0.00    0.00    0.00   97.01
04:44:36 PM   25    0.00    0.00    0.00    0.00    0.00   12.16    0.00    0.00    0.00   87.84
04:44:36 PM   26    0.00    0.00    0.00    0.00    0.00    0.00    0.00    0.00    0.00  100.00
04:44:36 PM   27    0.00    0.00    0.00    0.00    0.00    0.00    0.00    0.00    0.00  100.00
04:44:36 PM   28    0.00    0.00    0.00    0.00    0.00    0.00    0.00    0.00    0.00  100.00
04:44:36 PM   29    0.00    0.00    0.00    0.00    0.00    0.00    0.00    0.00    0.00  100.00
04:44:36 PM   30    0.00    0.00    0.00    0.00    0.00    0.00    0.00    0.00    0.00  100.00
04:44:36 PM   31    0.00    0.00    0.00    0.00    0.00    0.00    0.00    0.00    0.00  100.00

04:44:36 PM  CPU    %usr   %nice    %sys %iowait    %irq   %soft  %steal  %guest  %gnice   %idle
04:44:37 PM  all    1.10    0.00    6.46    0.00    0.00    5.19    0.00    0.00    0.00   87.25
04:44:37 PM    0    1.10    0.00   10.99    0.00    0.00    1.10    0.00    0.00    0.00   86.81
04:44:37 PM    1    0.00    0.00    0.00    0.00    0.00   99.00    0.00    0.00    0.00    1.00
04:44:37 PM    2    2.30    0.00   12.64    0.00    0.00    1.15    0.00    0.00    0.00   83.91
04:44:37 PM    3    3.45    0.00   12.64    0.00    0.00    0.00    0.00    0.00    0.00   83.91
04:44:37 PM    4    2.35    0.00    9.41    0.00    0.00    1.18    0.00    0.00    0.00   87.06
04:44:37 PM    5    3.37    0.00   14.61    0.00    0.00    0.00    0.00    0.00    0.00   82.02
04:44:37 PM    6    1.15    0.00   12.64    0.00    0.00    1.15    0.00    0.00    0.00   85.06
04:44:37 PM    7    3.37    0.00    8.99    0.00    0.00    1.12    0.00    0.00    0.00   86.52
04:44:37 PM    8    0.00    0.00    0.00    0.00    0.00    0.00    0.00    0.00    0.00  100.00
04:44:37 PM    9    0.00    0.00    0.00    0.00    0.00    0.00    0.00    0.00    0.00  100.00
04:44:37 PM   10    0.00    0.00    0.00    0.00    0.00    0.00    0.00    0.00    0.00  100.00
04:44:37 PM   11    0.00    0.00    0.00    0.00    0.00    0.00    0.00    0.00    0.00  100.00
04:44:37 PM   12    0.00    0.00    0.00    0.00    0.00    0.00    0.00    0.00    0.00  100.00
04:44:37 PM   13    0.00    0.00    0.00    0.00    0.00    0.00    0.00    0.00    0.00  100.00
04:44:37 PM   14    0.00    0.00    0.00    0.00    0.00    0.00    0.00    0.00    0.00  100.00
04:44:37 PM   15    0.00    0.00    0.00    0.00    0.00    0.00    0.00    0.00    0.00  100.00
04:44:37 PM   16    2.15    0.00   19.35    0.00    0.00    1.08    0.00    0.00    0.00   77.42
04:44:37 PM   17    3.16    0.00   13.68    0.00    0.00    1.05    0.00    0.00    0.00   82.11
04:44:37 PM   18    3.09    0.00   20.62    0.00    0.00    2.06    0.00    0.00    0.00   74.23
04:44:37 PM   19    2.11    0.00   18.95    0.00    0.00    1.05    0.00    0.00    0.00   77.89
04:44:37 PM   20    3.19    0.00   22.34    0.00    0.00    1.06    0.00    0.00    0.00   73.40
04:44:37 PM   21    1.10    0.00   14.29    0.00    0.00    1.10    0.00    0.00    0.00   83.52
04:44:37 PM   22    2.17    0.00    8.70    0.00    0.00   20.65    0.00    0.00    0.00   68.48
04:44:37 PM   23    2.13    0.00   11.70    0.00    0.00   21.28    0.00    0.00    0.00   64.89
04:44:37 PM   24    0.00    0.00    0.00    0.00    0.00    1.49    0.00    0.00    0.00   98.51
04:44:37 PM   25    0.00    0.00    0.00    0.00    0.00    6.94    0.00    0.00    0.00   93.06
04:44:37 PM   26    0.00    0.00    0.00    0.00    0.00    0.00    0.00    0.00    0.00  100.00
04:44:37 PM   27    0.00    0.00    0.00    0.00    0.00    0.00    0.00    0.00    0.00  100.00
04:44:37 PM   28    0.00    0.00    0.00    0.00    0.00    0.00    0.00    0.00    0.00  100.00
04:44:37 PM   29    0.00    0.00    0.00    0.00    0.00    0.00    0.00    0.00    0.00  100.00
04:44:37 PM   30    0.00    0.00    0.00    0.00    0.00    0.00    0.00    0.00    0.00  100.00
04:44:37 PM   31    0.00    0.00    0.00    0.00    0.00    0.00    0.00    0.00    0.00  100.00

04:44:37 PM  CPU    %usr   %nice    %sys %iowait    %irq   %soft  %steal  %guest  %gnice   %idle
04:44:38 PM  all    1.26    0.00    6.94    0.00    0.00    5.11    0.00    0.00    0.00   86.69
04:44:38 PM    0    3.23    0.00   12.90    0.00    0.00    0.00    0.00    0.00    0.00   83.87
04:44:38 PM    1    0.00    0.00    0.00    0.00    0.00  100.00    0.00    0.00    0.00    0.00
04:44:38 PM    2    3.37    0.00   15.73    0.00    0.00    0.00    0.00    0.00    0.00   80.90
04:44:38 PM    3    3.37    0.00   14.61    0.00    0.00    1.12    0.00    0.00    0.00   80.90
04:44:38 PM    4    3.30    0.00   15.38    0.00    0.00    0.00    0.00    0.00    0.00   81.32
04:44:38 PM    5    3.37    0.00   12.36    0.00    0.00    1.12    0.00    0.00    0.00   83.15
04:44:38 PM    6    2.30    0.00   11.49    0.00    0.00    0.00    0.00    0.00    0.00   86.21
04:44:38 PM    7    2.30    0.00   10.34    0.00    0.00    0.00    0.00    0.00    0.00   87.36
04:44:38 PM    8    0.00    0.00    0.00    0.00    0.00    0.00    0.00    0.00    0.00  100.00
04:44:38 PM    9    0.00    0.00    0.00    0.00    0.00    0.00    0.00    0.00    0.00  100.00
04:44:38 PM   10    0.00    0.00    0.00    0.00    0.00    0.00    0.00    0.00    0.00  100.00
04:44:38 PM   11    0.00    0.00    0.00    0.00    0.00    0.00    0.00    0.00    0.00  100.00
04:44:38 PM   12    0.00    0.00    0.00    0.00    0.00    0.00    0.00    0.00    0.00  100.00
04:44:38 PM   13    0.00    0.00    0.00    0.00    0.00    0.00    0.00    0.00    0.00  100.00
04:44:38 PM   14    0.00    0.00    0.00    0.00    0.00    0.00    0.00    0.00    0.00  100.00
04:44:38 PM   15    0.00    0.00    0.00    0.00    0.00    0.00    0.00    0.00    0.00  100.00
04:44:38 PM   16    3.30    0.00   17.58    0.00    0.00    1.10    0.00    0.00    0.00   78.02
04:44:38 PM   17    2.11    0.00   14.74    0.00    0.00    0.00    0.00    0.00    0.00   83.16
04:44:38 PM   18    3.16    0.00   21.05    0.00    0.00    1.05    0.00    0.00    0.00   74.74
04:44:38 PM   19    3.19    0.00   18.09    0.00    0.00    2.13    0.00    0.00    0.00   76.60
04:44:38 PM   20    3.16    0.00   22.11    0.00    0.00    2.11    0.00    0.00    0.00   72.63
04:44:38 PM   21    3.12    0.00   20.83    0.00    0.00    1.04    0.00    0.00    0.00   75.00
04:44:38 PM   22    1.09    0.00    8.70    0.00    0.00   21.74    0.00    0.00    0.00   68.48
04:44:38 PM   23    1.10    0.00    9.89    0.00    0.00   20.88    0.00    0.00    0.00   68.13
04:44:38 PM   24    0.00    0.00    0.00    0.00    0.00    1.49    0.00    0.00    0.00   98.51
04:44:38 PM   25    0.00    0.00    0.00    0.00    0.00    8.33    0.00    0.00    0.00   91.67
04:44:38 PM   26    0.00    0.00    1.00    0.00    0.00    0.00    0.00    0.00    0.00   99.00
04:44:38 PM   27    0.00    0.00    0.00    0.00    0.00    0.00    0.00    0.00    0.00  100.00
04:44:38 PM   28    0.00    0.00    0.00    0.00    0.00    0.00    0.00    0.00    0.00  100.00
04:44:38 PM   29    0.00    0.00    0.00    0.00    0.00    0.00    0.00    0.00    0.00  100.00
04:44:38 PM   30    0.00    0.00    0.00    0.00    0.00    0.00    0.00    0.00    0.00  100.00
04:44:38 PM   31    0.00    0.00    0.00    0.00    0.00    0.00    0.00    0.00    0.00  100.00

04:44:38 PM  CPU    %usr   %nice    %sys %iowait    %irq   %soft  %steal  %guest  %gnice   %idle
04:44:39 PM  all    1.03    0.00    6.36    0.00    0.00    5.30    0.00    0.00    0.00   87.31
04:44:39 PM    0    2.13    0.00   14.89    0.00    0.00    1.06    0.00    0.00    0.00   81.91
04:44:39 PM    1    0.00    0.00    0.00    0.00    0.00   99.00    0.00    0.00    0.00    1.00
04:44:39 PM    2    3.30    0.00   23.08    0.00    0.00    2.20    0.00    0.00    0.00   71.43
04:44:39 PM    3    2.25    0.00   15.73    0.00    0.00    1.12    0.00    0.00    0.00   80.90
04:44:39 PM    4    2.22    0.00   16.67    0.00    0.00    1.11    0.00    0.00    0.00   80.00
04:44:39 PM    5    2.35    0.00    9.41    0.00    0.00    0.00    0.00    0.00    0.00   88.24
04:44:39 PM    6    3.37    0.00   12.36    0.00    0.00    0.00    0.00    0.00    0.00   84.27
04:44:39 PM    7    2.27    0.00    9.09    0.00    0.00    0.00    0.00    0.00    0.00   88.64
04:44:39 PM    8    0.00    0.00    0.00    0.00    0.00    0.00    0.00    0.00    0.00  100.00
04:44:39 PM    9    0.00    0.00    0.99    0.00    0.00    0.00    0.00    0.00    0.00   99.01
04:44:39 PM   10    0.00    0.00    0.00    0.00    0.00    0.00    0.00    0.00    0.00  100.00
04:44:39 PM   11    0.00    0.00    0.00    0.00    0.00    0.00    0.00    0.00    0.00  100.00
04:44:39 PM   12    0.00    0.00    0.00    0.00    0.00    0.00    0.00    0.00    0.00  100.00
04:44:39 PM   13    0.00    0.00    0.00    0.00    0.00    0.00    0.00    0.00    0.00  100.00
04:44:39 PM   14    0.00    0.00    0.00    0.00    0.00    0.00    0.00    0.00    0.00  100.00
04:44:39 PM   15    0.00    0.00    0.00    0.00    0.00    0.00    0.00    0.00    0.00  100.00
04:44:39 PM   16    3.19    0.00   15.96    0.00    0.00    0.00    0.00    0.00    0.00   80.85
04:44:39 PM   17    2.15    0.00   12.90    0.00    0.00    0.00    0.00    0.00    0.00   84.95
04:44:39 PM   18    1.10    0.00   14.29    0.00    0.00    1.10    0.00    0.00    0.00   83.52
04:44:39 PM   19    2.17    0.00   15.22    0.00    0.00    0.00    0.00    0.00    0.00   82.61
04:44:39 PM   20    2.15    0.00   20.43    0.00    0.00    1.08    0.00    0.00    0.00   76.34
04:44:39 PM   21    2.17    0.00   15.22    0.00    0.00    0.00    0.00    0.00    0.00   82.61
04:44:39 PM   22    1.09    0.00    7.61    0.00    0.00   20.65    0.00    0.00    0.00   70.65
04:44:39 PM   23    1.11    0.00    5.56    0.00    0.00   18.89    0.00    0.00    0.00   74.44
04:44:39 PM   24    0.00    0.00    0.00    0.00    0.00    2.90    0.00    0.00    0.00   97.10
04:44:39 PM   25    1.19    0.00    1.19    0.00    0.00   19.05    0.00    0.00    0.00   78.57
04:44:39 PM   26    0.00    0.00    0.00    0.00    0.00    0.00    0.00    0.00    0.00  100.00
04:44:39 PM   27    0.00    0.00    0.00    0.00    0.00    0.00    0.00    0.00    0.00  100.00
04:44:39 PM   28    0.00    0.00    0.00    0.00    0.00    0.00    0.00    0.00    0.00  100.00
04:44:39 PM   29    0.00    0.00    0.00    0.00    0.00    0.00    0.00    0.00    0.00  100.00
04:44:39 PM   30    0.00    0.00    0.00    0.00    0.00    0.00    0.00    0.00    0.00  100.00
04:44:39 PM   31    0.00    0.00    0.00    0.00    0.00    0.00    0.00    0.00    0.00  100.00

04:44:39 PM  CPU    %usr   %nice    %sys %iowait    %irq   %soft  %steal  %guest  %gnice   %idle
04:44:40 PM  all    1.12    0.00    6.47    0.00    0.00    5.67    0.00    0.00    0.00   86.74
04:44:40 PM    0    3.23    0.00   10.75    0.00    0.00    1.08    0.00    0.00    0.00   84.95
04:44:40 PM    1    0.00    0.00    0.00    0.00    0.00   98.99    0.00    0.00    0.00    1.01
04:44:40 PM    2    3.37    0.00   14.61    0.00    0.00    1.12    0.00    0.00    0.00   80.90
04:44:40 PM    3    4.49    0.00   11.24    0.00    0.00    1.12    0.00    0.00    0.00   83.15
04:44:40 PM    4    3.37    0.00   14.61    0.00    0.00    1.12    0.00    0.00    0.00   80.90
04:44:40 PM    5    2.25    0.00   11.24    0.00    0.00    1.12    0.00    0.00    0.00   85.39
04:44:40 PM    6    2.20    0.00   12.09    0.00    0.00    1.10    0.00    0.00    0.00   84.62
04:44:40 PM    7    2.27    0.00    9.09    0.00    0.00    0.00    0.00    0.00    0.00   88.64
04:44:40 PM    8    0.00    0.00    1.01    0.00    0.00    0.00    0.00    0.00    0.00   98.99
04:44:40 PM    9    0.00    0.00    0.00    0.00    0.00    0.00    0.00    0.00    0.00  100.00
04:44:40 PM   10    0.00    0.00    0.00    0.00    0.00    0.00    0.00    0.00    0.00  100.00
04:44:40 PM   11    0.00    0.00    1.00    0.00    0.00    0.00    0.00    0.00    0.00   99.00
04:44:40 PM   12    0.00    0.00    0.00    0.00    0.00    0.00    0.00    0.00    0.00  100.00
04:44:40 PM   13    0.00    0.00    0.99    0.00    0.00    0.00    0.00    0.00    0.00   99.01
04:44:40 PM   14    0.00    0.00    0.00    0.00    0.00    0.00    0.00    0.00    0.00  100.00
04:44:40 PM   15    0.00    0.00    0.00    0.00    0.00    0.00    0.00    0.00    0.00  100.00
04:44:40 PM   16    2.15    0.00   19.35    0.00    0.00    2.15    0.00    0.00    0.00   76.34
04:44:40 PM   17    1.06    0.00   12.77    0.00    0.00    1.06    0.00    0.00    0.00   85.11
04:44:40 PM   18    2.20    0.00   17.58    0.00    0.00    0.00    0.00    0.00    0.00   80.22
04:44:40 PM   19    2.15    0.00   16.13    0.00    0.00    1.08    0.00    0.00    0.00   80.65
04:44:40 PM   20    3.16    0.00   15.79    0.00    0.00    1.05    0.00    0.00    0.00   80.00
04:44:40 PM   21    2.08    0.00   17.71    0.00    0.00    1.04    0.00    0.00    0.00   79.17
04:44:40 PM   22    1.12    0.00    6.74    0.00    0.00   19.10    0.00    0.00    0.00   73.03
04:44:40 PM   23    1.06    0.00    9.57    0.00    0.00   20.21    0.00    0.00    0.00   69.15
04:44:40 PM   24    0.00    0.00    0.00    0.00    0.00    2.90    0.00    0.00    0.00   97.10
04:44:40 PM   25    0.00    0.00    4.40    0.00    0.00   26.37    0.00    0.00    0.00   69.23
04:44:40 PM   26    0.00    0.00    2.00    0.00    0.00    0.00    0.00    0.00    0.00   98.00
04:44:40 PM   27    1.00    0.00    2.00    0.00    0.00    0.00    0.00    0.00    0.00   97.00
04:44:40 PM   28    0.00    0.00    1.00    0.00    0.00    0.00    0.00    0.00    0.00   99.00
04:44:40 PM   29    0.00    0.00    0.00    0.00    0.00    0.00    0.00    0.00    0.00  100.00
04:44:40 PM   30    0.00    0.00    1.01    0.00    0.00    0.00    0.00    0.00    0.00   98.99
04:44:40 PM   31    0.00    0.00    0.00    0.00    0.00    0.00    0.00    0.00    0.00  100.00

Average:     CPU    %usr   %nice    %sys %iowait    %irq   %soft  %steal  %guest  %gnice   %idle
Average:     all    1.12    0.00    6.66    0.00    0.00    5.28    0.00    0.00    0.00   86.94
Average:       0    2.04    0.00   12.35    0.00    0.00    0.54    0.00    0.00    0.00   85.07
Average:       1    0.00    0.00    0.10    0.00    0.00   99.30    0.00    0.00    0.00    0.60
Average:       2    3.41    0.00   16.48    0.00    0.00    1.02    0.00    0.00    0.00   79.09
Average:       3    3.17    0.00   16.06    0.00    0.00    1.02    0.00    0.00    0.00   79.75
Average:       4    3.28    0.00   15.03    0.00    0.00    0.79    0.00    0.00    0.00   80.90
Average:       5    2.74    0.00   12.91    0.00    0.00    0.69    0.00    0.00    0.00   83.66
Average:       6    2.49    0.00   13.04    0.00    0.00    0.57    0.00    0.00    0.00   83.90
Average:       7    2.61    0.00   10.78    0.00    0.00    0.23    0.00    0.00    0.00   86.38
Average:       8    0.00    0.00    0.10    0.00    0.00    0.00    0.00    0.00    0.00   99.90
Average:       9    0.00    0.00    0.10    0.00    0.00    0.00    0.00    0.00    0.00   99.90
Average:      10    0.00    0.00    0.00    0.00    0.00    0.00    0.00    0.00    0.00  100.00
Average:      11    0.00    0.00    0.10    0.00    0.00    0.00    0.00    0.00    0.00   99.90
Average:      12    0.00    0.00    0.00    0.00    0.00    0.00    0.00    0.00    0.00  100.00
Average:      13    0.00    0.00    0.10    0.00    0.00    0.00    0.00    0.00    0.00   99.90
Average:      14    0.00    0.00    0.10    0.00    0.00    0.00    0.00    0.00    0.00   99.90
Average:      15    0.00    0.00    0.10    0.00    0.00    0.00    0.00    0.00    0.00   99.90
Average:      16    2.60    0.00   18.22    0.00    0.00    1.19    0.00    0.00    0.00   77.98
Average:      17    2.02    0.00   13.82    0.00    0.00    0.53    0.00    0.00    0.00   83.63
Average:      18    2.59    0.00   19.11    0.00    0.00    1.08    0.00    0.00    0.00   77.21
Average:      19    2.37    0.00   16.67    0.00    0.00    0.86    0.00    0.00    0.00   80.11
Average:      20    2.63    0.00   19.81    0.00    0.00    1.26    0.00    0.00    0.00   76.29
Average:      21    2.03    0.00   15.03    0.00    0.00    0.75    0.00    0.00    0.00   82.20
Average:      22    1.42    0.00    8.11    0.00    0.00   19.82    0.00    0.00    0.00   70.65
Average:      23    1.52    0.00    9.35    0.00    0.00   20.33    0.00    0.00    0.00   68.80
Average:      24    0.00    0.00    0.14    0.14    0.00    4.87    0.00    0.00    0.00   94.84
Average:      25    0.13    0.00    0.91    0.00    0.00   13.05    0.00    0.00    0.00   85.90
Average:      26    0.10    0.00    0.60    0.00    0.00    0.00    0.00    0.00    0.00   99.30
Average:      27    0.10    0.00    0.40    0.00    0.00    0.00    0.00    0.00    0.00   99.50
Average:      28    0.00    0.00    0.30    0.00    0.00    0.00    0.00    0.00    0.00   99.70
Average:      29    0.00    0.00    0.00    0.00    0.00    0.00    0.00    0.00    0.00  100.00
Average:      30    0.00    0.00    0.10    0.00    0.00    0.00    0.00    0.00    0.00   99.90
Average:      31    0.00    0.00    0.00    0.00    0.00    0.00    0.00    0.00    0.00  100.00
