Linux 7.0.0-22-generic (ms-a2-gateway) 	06/07/2026 	_x86_64_	(32 CPU)

04:45:14 PM  CPU    %usr   %nice    %sys %iowait    %irq   %soft  %steal  %guest  %gnice   %idle
04:45:15 PM  all    4.50    0.00    6.20    0.00    0.00    6.30    0.00    0.00    0.00   83.00
04:45:15 PM    0    1.01    0.00    7.07    0.00    0.00    1.01    0.00    0.00    0.00   90.91
04:45:15 PM    1    0.00    0.00    0.00    0.00    0.00   99.01    0.00    0.00    0.00    0.99
04:45:15 PM    2    3.49    0.00   18.60    0.00    0.00    1.16    0.00    0.00    0.00   76.74
04:45:15 PM    3    3.41    0.00   14.77    0.00    0.00    1.14    0.00    0.00    0.00   80.68
04:45:15 PM    4    2.20    0.00    5.49    0.00    0.00    0.00    0.00    0.00    0.00   92.31
04:45:15 PM    5    3.45    0.00   13.79    0.00    0.00    0.00    0.00    0.00    0.00   82.76
04:45:15 PM    6    3.45    0.00   14.94    0.00    0.00    1.15    0.00    0.00    0.00   80.46
04:45:15 PM    7    2.30    0.00   14.94    0.00    0.00    0.00    0.00    0.00    0.00   82.76
04:45:15 PM    8    0.00    0.00    0.00    0.00    0.00    0.00    0.00    0.00    0.00  100.00
04:45:15 PM    9    0.00    0.00    0.00    0.00    0.00    0.00    0.00    0.00    0.00  100.00
04:45:15 PM   10    0.00    0.00    0.00    0.00    0.00    0.00    0.00    0.00    0.00  100.00
04:45:15 PM   11    0.00    0.00    1.00    0.00    0.00    0.00    0.00    0.00    0.00   99.00
04:45:15 PM   12    0.00    0.00    0.00    0.00    0.00    0.00    0.00    0.00    0.00  100.00
04:45:15 PM   13    0.00    0.00    0.99    0.00    0.00    0.00    0.00    0.00    0.00   99.01
04:45:15 PM   14    0.00    0.00    0.00    0.00    0.00    0.00    0.00    0.00    0.00  100.00
04:45:15 PM   15    0.00    0.00    0.00    0.00    0.00    0.00    0.00    0.00    0.00  100.00
04:45:15 PM   16    2.22    0.00   22.22    0.00    0.00    2.22    0.00    0.00    0.00   73.33
04:45:15 PM   17    2.30    0.00   10.34    0.00    0.00    0.00    0.00    0.00    0.00   87.36
04:45:15 PM   18    3.30    0.00   16.48    0.00    0.00    2.20    0.00    0.00    0.00   78.02
04:45:15 PM   19    3.23    0.00   18.28    0.00    0.00    1.08    0.00    0.00    0.00   77.42
04:45:15 PM   20  100.00    0.00    0.00    0.00    0.00    0.00    0.00    0.00    0.00    0.00
04:45:15 PM   21    2.04    0.00    6.12    0.00    0.00    1.02    0.00    0.00    0.00   90.82
04:45:15 PM   22    2.11    0.00    9.47    0.00    0.00   17.89    0.00    0.00    0.00   70.53
04:45:15 PM   23    1.06    0.00    9.57    0.00    0.00   18.09    0.00    0.00    0.00   71.28
04:45:15 PM   24    2.04    0.00    7.14    0.00    0.00   27.55    0.00    0.00    0.00   63.27
04:45:15 PM   25    2.15    0.00    8.60    0.00    0.00   23.66    0.00    0.00    0.00   65.59
04:45:15 PM   26    2.00    0.00    6.00    0.00    0.00    0.00    0.00    0.00    0.00   92.00
04:45:15 PM   27    0.00    0.00    2.02    0.00    0.00    0.00    0.00    0.00    0.00   97.98
04:45:15 PM   28    0.00    0.00    0.00    0.00    0.00    0.00    0.00    0.00    0.00  100.00
04:45:15 PM   29    0.00    0.00    0.00    0.00    0.00    0.00    0.00    0.00    0.00  100.00
04:45:15 PM   30    0.00    0.00    0.99    0.00    0.00    0.00    0.00    0.00    0.00   99.01
04:45:15 PM   31    0.00    0.00    0.00    0.00    0.00    0.00    0.00    0.00    0.00  100.00

04:45:15 PM  CPU    %usr   %nice    %sys %iowait    %irq   %soft  %steal  %guest  %gnice   %idle
04:45:16 PM  all    4.63    0.00    6.20    0.03    0.00    5.84    0.00    0.00    0.00   83.30
04:45:16 PM    0    1.02    0.00    8.16    0.00    0.00    0.00    0.00    0.00    0.00   90.82
04:45:16 PM    1    0.00    0.00    0.00    0.00    0.00   99.00    0.00    0.00    0.00    1.00
04:45:16 PM    2    5.62    0.00   20.22    0.00    0.00    1.12    0.00    0.00    0.00   73.03
04:45:16 PM    3    4.60    0.00   18.39    0.00    0.00    0.00    0.00    0.00    0.00   77.01
04:45:16 PM    4    1.10    0.00    5.49    0.00    0.00    0.00    0.00    0.00    0.00   93.41
04:45:16 PM    5    3.45    0.00   12.64    0.00    0.00    1.15    0.00    0.00    0.00   82.76
04:45:16 PM    6    4.55    0.00   14.77    0.00    0.00    0.00    0.00    0.00    0.00   80.68
04:45:16 PM    7    2.25    0.00   16.85    0.00    0.00    1.12    0.00    0.00    0.00   79.78
04:45:16 PM    8    0.99    0.00    1.98    0.00    0.00    0.00    0.00    0.00    0.00   97.03
04:45:16 PM    9    0.00    0.00    1.00    0.00    0.00    0.00    0.00    0.00    0.00   99.00
04:45:16 PM   10    0.00    0.00    0.00    0.00    0.00    0.00    0.00    0.00    0.00  100.00
04:45:16 PM   11    1.00    0.00    1.00    0.00    0.00    1.00    0.00    0.00    0.00   97.00
04:45:16 PM   12    0.00    0.00    0.00    0.00    0.00    0.00    0.00    0.00    0.00  100.00
04:45:16 PM   13    0.00    0.00    0.00    0.00    0.00    0.00    0.00    0.00    0.00  100.00
04:45:16 PM   14    0.00    0.00    0.00    0.00    0.00    0.00    0.00    0.00    0.00  100.00
04:45:16 PM   15    0.00    0.00    0.00    0.00    0.00    0.00    0.00    0.00    0.00  100.00
04:45:16 PM   16    2.22    0.00   14.44    0.00    0.00    1.11    0.00    0.00    0.00   82.22
04:45:16 PM   17    3.37    0.00   10.11    0.00    0.00    0.00    0.00    0.00    0.00   86.52
04:45:16 PM   18    4.40    0.00   17.58    1.10    0.00    1.10    0.00    0.00    0.00   75.82
04:45:16 PM   19    4.12    0.00   16.49    0.00    0.00    1.03    0.00    0.00    0.00   78.35
04:45:16 PM   20  100.00    0.00    0.00    0.00    0.00    0.00    0.00    0.00    0.00    0.00
04:45:16 PM   21    1.01    0.00    6.06    0.00    0.00    0.00    0.00    0.00    0.00   92.93
04:45:16 PM   22    0.00    0.00    5.38    0.00    0.00   19.35    0.00    0.00    0.00   75.27
04:45:16 PM   23    1.08    0.00    6.45    0.00    0.00   17.20    0.00    0.00    0.00   75.27
04:45:16 PM   24    1.14    0.00    6.82    0.00    0.00   19.32    0.00    0.00    0.00   72.73
04:45:16 PM   25    2.08    0.00   11.46    0.00    0.00   22.92    0.00    0.00    0.00   63.54
04:45:16 PM   26    1.00    0.00    9.00    0.00    0.00    0.00    0.00    0.00    0.00   90.00
04:45:16 PM   27    0.99    0.00    2.97    0.00    0.00    0.00    0.00    0.00    0.00   96.04
04:45:16 PM   28    0.00    0.00    0.00    0.00    0.00    0.00    0.00    0.00    0.00  100.00
04:45:16 PM   29    0.00    0.00    0.00    0.00    0.00    0.00    0.00    0.00    0.00  100.00
04:45:16 PM   30    0.00    0.00    0.00    0.00    0.00    0.00    0.00    0.00    0.00  100.00
04:45:16 PM   31    0.00    0.00    0.00    0.00    0.00    0.00    0.00    0.00    0.00  100.00

04:45:16 PM  CPU    %usr   %nice    %sys %iowait    %irq   %soft  %steal  %guest  %gnice   %idle
04:45:17 PM  all    4.40    0.00    6.80    0.00    0.00    6.31    0.00    0.00    0.00   82.50
04:45:17 PM    0    1.05    0.00   10.53    0.00    0.00    0.00    0.00    0.00    0.00   88.42
04:45:17 PM    1    0.00    0.00    0.00    0.00    0.00   99.01    0.00    0.00    0.00    0.99
04:45:17 PM    2    3.49    0.00   19.77    0.00    0.00    1.16    0.00    0.00    0.00   75.58
04:45:17 PM    3    3.33    0.00   24.44    0.00    0.00    2.22    0.00    0.00    0.00   70.00
04:45:17 PM    4    2.33    0.00   13.95    0.00    0.00    0.00    0.00    0.00    0.00   83.72
04:45:17 PM    5    2.30    0.00   16.09    0.00    0.00    0.00    0.00    0.00    0.00   81.61
04:45:17 PM    6    3.41    0.00   17.05    0.00    0.00    1.14    0.00    0.00    0.00   78.41
04:45:17 PM    7    3.49    0.00   16.28    0.00    0.00    1.16    0.00    0.00    0.00   79.07
04:45:17 PM    8    0.00    0.00    0.00    0.00    0.00    0.00    0.00    0.00    0.00  100.00
04:45:17 PM    9    0.00    0.00    0.00    0.00    0.00    0.00    0.00    0.00    0.00  100.00
04:45:17 PM   10    0.00    0.00    0.00    0.00    0.00    0.00    0.00    0.00    0.00  100.00
04:45:17 PM   11    0.00    0.00    0.99    0.00    0.00    0.00    0.00    0.00    0.00   99.01
04:45:17 PM   12    0.00    0.00    0.00    0.00    0.00    0.00    0.00    0.00    0.00  100.00
04:45:17 PM   13    0.00    0.00    0.00    0.00    0.00    0.00    0.00    0.00    0.00  100.00
04:45:17 PM   14    0.00    0.00    0.00    0.00    0.00    0.00    0.00    0.00    0.00  100.00
04:45:17 PM   15    0.00    0.00    0.00    0.00    0.00    0.00    0.00    0.00    0.00  100.00
04:45:17 PM   16    4.40    0.00   17.58    0.00    0.00    2.20    0.00    0.00    0.00   75.82
04:45:17 PM   17    2.06    0.00   14.43    0.00    0.00    1.03    0.00    0.00    0.00   82.47
04:45:17 PM   18    3.49    0.00   18.60    0.00    0.00    0.00    0.00    0.00    0.00   77.91
04:45:17 PM   19    1.11    0.00   18.89    0.00    0.00    2.22    0.00    0.00    0.00   77.78
04:45:17 PM   20  100.00    0.00    0.00    0.00    0.00    0.00    0.00    0.00    0.00    0.00
04:45:17 PM   21    2.15    0.00   15.05    0.00    0.00    0.00    0.00    0.00    0.00   82.80
04:45:17 PM   22    1.15    0.00    5.75    0.00    0.00   12.64    0.00    0.00    0.00   80.46
04:45:17 PM   23    2.27    0.00    5.68    0.00    0.00   14.77    0.00    0.00    0.00   77.27
04:45:17 PM   24    1.05    0.00    5.26    0.00    0.00   28.42    0.00    0.00    0.00   65.26
04:45:17 PM   25    1.01    0.00    5.05    0.00    0.00   31.31    0.00    0.00    0.00   62.63
04:45:17 PM   26    0.00    0.00    4.00    0.00    0.00    0.00    0.00    0.00    0.00   96.00
04:45:17 PM   27    0.00    0.00    1.00    0.00    0.00    0.00    0.00    0.00    0.00   99.00
04:45:17 PM   28    0.00    0.00    0.00    0.00    0.00    0.00    0.00    0.00    0.00  100.00
04:45:17 PM   29    0.00    0.00    0.00    0.00    0.00    0.00    0.00    0.00    0.00  100.00
04:45:17 PM   30    0.00    0.00    0.00    0.00    0.00    0.00    0.00    0.00    0.00  100.00
04:45:17 PM   31    0.00    0.00    0.00    0.00    0.00    0.00    0.00    0.00    0.00  100.00

04:45:17 PM  CPU    %usr   %nice    %sys %iowait    %irq   %soft  %steal  %guest  %gnice   %idle
04:45:18 PM  all    4.69    0.00    6.67    0.00    0.00    5.91    0.00    0.00    0.00   82.73
04:45:18 PM    0    2.13    0.00    9.57    0.00    0.00    1.06    0.00    0.00    0.00   87.23
04:45:18 PM    1    0.00    0.00    0.00    0.00    0.00  100.00    0.00    0.00    0.00    0.00
04:45:18 PM    2    3.49    0.00   20.93    0.00    0.00    2.33    0.00    0.00    0.00   73.26
04:45:18 PM    3    4.71    0.00   14.12    0.00    0.00    1.18    0.00    0.00    0.00   80.00
04:45:18 PM    4    2.27    0.00   11.36    0.00    0.00    0.00    0.00    0.00    0.00   86.36
04:45:18 PM    5    4.71    0.00   11.76    0.00    0.00    0.00    0.00    0.00    0.00   83.53
04:45:18 PM    6    3.57    0.00   15.48    0.00    0.00    0.00    0.00    0.00    0.00   80.95
04:45:18 PM    7    2.38    0.00   14.29    0.00    0.00    0.00    0.00    0.00    0.00   83.33
04:45:18 PM    8    0.00    0.00    0.00    0.00    0.00    0.00    0.00    0.00    0.00  100.00
04:45:18 PM    9    0.00    0.00    0.99    0.00    0.00    0.00    0.00    0.00    0.00   99.01
04:45:18 PM   10    0.00    0.00    0.00    0.00    0.00    0.00    0.00    0.00    0.00  100.00
04:45:18 PM   11    0.00    0.00    0.00    0.00    0.00    0.00    0.00    0.00    0.00  100.00
04:45:18 PM   12    0.00    0.00    0.00    0.00    0.00    0.00    0.00    0.00    0.00  100.00
04:45:18 PM   13    0.00    0.00    0.00    0.00    0.00    0.00    0.00    0.00    0.00  100.00
04:45:18 PM   14    0.00    0.00    0.00    0.00    0.00    0.00    0.00    0.00    0.00  100.00
04:45:18 PM   15    0.00    0.00    0.00    0.00    0.00    0.00    0.00    0.00    0.00  100.00
04:45:18 PM   16    5.32    0.00   25.53    0.00    0.00    1.06    0.00    0.00    0.00   68.09
04:45:18 PM   17    2.06    0.00   20.62    0.00    0.00    0.00    0.00    0.00    0.00   77.32
04:45:18 PM   18    3.30    0.00   20.88    0.00    0.00    1.10    0.00    0.00    0.00   74.73
04:45:18 PM   19    2.15    0.00   16.13    0.00    0.00    1.08    0.00    0.00    0.00   80.65
04:45:18 PM   20  100.00    0.00    0.00    0.00    0.00    0.00    0.00    0.00    0.00    0.00
04:45:18 PM   21    3.16    0.00   15.79    0.00    0.00    1.05    0.00    0.00    0.00   80.00
04:45:18 PM   22    1.10    0.00    5.49    0.00    0.00   18.68    0.00    0.00    0.00   74.73
04:45:18 PM   23    1.12    0.00    6.74    0.00    0.00   15.73    0.00    0.00    0.00   76.40
04:45:18 PM   24    1.25    0.00    0.00    0.00    0.00   18.75    0.00    0.00    0.00   80.00
04:45:18 PM   25    3.19    0.00   10.64    0.00    0.00   27.66    0.00    0.00    0.00   58.51
04:45:18 PM   26    0.99    0.00    1.98    0.00    0.00    0.00    0.00    0.00    0.00   97.03
04:45:18 PM   27    0.00    0.00    1.00    0.00    0.00    0.00    0.00    0.00    0.00   99.00
04:45:18 PM   28    0.00    0.00    0.00    0.00    0.00    0.00    0.00    0.00    0.00  100.00
04:45:18 PM   29    0.00    0.00    0.00    0.00    0.00    0.00    0.00    0.00    0.00  100.00
04:45:18 PM   30    0.00    0.00    0.00    0.00    0.00    0.00    0.00    0.00    0.00  100.00
04:45:18 PM   31    0.00    0.00    0.00    0.00    0.00    0.00    0.00    0.00    0.00  100.00

04:45:18 PM  CPU    %usr   %nice    %sys %iowait    %irq   %soft  %steal  %guest  %gnice   %idle
04:45:19 PM  all    4.61    0.00    6.88    0.00    0.00    5.86    0.00    0.00    0.00   82.66
04:45:19 PM    0    1.08    0.00   15.05    0.00    0.00    1.08    0.00    0.00    0.00   82.80
04:45:19 PM    1    0.00    0.00    0.00    0.00    0.00   99.01    0.00    0.00    0.00    0.99
04:45:19 PM    2    4.49    0.00   23.60    0.00    0.00    1.12    0.00    0.00    0.00   70.79
04:45:19 PM    3    4.55    0.00   19.32    0.00    0.00    0.00    0.00    0.00    0.00   76.14
04:45:19 PM    4    2.17    0.00    6.52    0.00    0.00    0.00    0.00    0.00    0.00   91.30
04:45:19 PM    5    2.30    0.00   17.24    0.00    0.00    1.15    0.00    0.00    0.00   79.31
04:45:19 PM    6    3.45    0.00   13.79    0.00    0.00    1.15    0.00    0.00    0.00   81.61
04:45:19 PM    7    2.30    0.00   14.94    0.00    0.00    0.00    0.00    0.00    0.00   82.76
04:45:19 PM    8    0.00    0.00    0.00    0.00    0.00    0.00    0.00    0.00    0.00  100.00
04:45:19 PM    9    0.00    0.00    0.00    0.00    0.00    0.00    0.00    0.00    0.00  100.00
04:45:19 PM   10    0.00    0.00    0.00    0.00    0.00    0.00    0.00    0.00    0.00  100.00
04:45:19 PM   11    0.00    0.00    0.00    0.00    0.00    0.00    0.00    0.00    0.00  100.00
04:45:19 PM   12    0.00    0.00    0.00    0.00    0.00    0.00    0.00    0.00    0.00  100.00
04:45:19 PM   13    0.00    0.00    0.00    0.00    0.00    0.00    0.00    0.00    0.00  100.00
04:45:19 PM   14    0.00    0.00    0.00    0.00    0.00    0.00    0.00    0.00    0.00  100.00
04:45:19 PM   15    0.00    0.00    0.00    0.00    0.00    0.00    0.00    0.00    0.00  100.00
04:45:19 PM   16    3.26    0.00   18.48    0.00    0.00    1.09    0.00    0.00    0.00   77.17
04:45:19 PM   17    3.12    0.00   16.67    0.00    0.00    0.00    0.00    0.00    0.00   80.21
04:45:19 PM   18    3.33    0.00   16.67    0.00    0.00    0.00    0.00    0.00    0.00   80.00
04:45:19 PM   19    3.45    0.00   17.24    0.00    0.00    0.00    0.00    0.00    0.00   79.31
04:45:19 PM   20  100.00    0.00    0.00    0.00    0.00    0.00    0.00    0.00    0.00    0.00
04:45:19 PM   21    3.12    0.00   16.67    0.00    0.00    1.04    0.00    0.00    0.00   79.17
04:45:19 PM   22    2.13    0.00    8.51    0.00    0.00   21.28    0.00    0.00    0.00   68.09
04:45:19 PM   23    1.12    0.00    8.99    0.00    0.00   19.10    0.00    0.00    0.00   70.79
04:45:19 PM   24    0.00    0.00    1.28    0.00    0.00   15.38    0.00    0.00    0.00   83.33
04:45:19 PM   25    4.17    0.00   14.58    0.00    0.00   23.96    0.00    0.00    0.00   57.29
04:45:19 PM   26    0.00    0.00    1.00    0.00    0.00    0.00    0.00    0.00    0.00   99.00
04:45:19 PM   27    0.00    0.00    0.00    0.00    0.00    0.00    0.00    0.00    0.00  100.00
04:45:19 PM   28    0.00    0.00    0.00    0.00    0.00    0.00    0.00    0.00    0.00  100.00
04:45:19 PM   29    0.00    0.00    0.00    0.00    0.00    0.00    0.00    0.00    0.00  100.00
04:45:19 PM   30    0.00    0.00    0.00    0.00    0.00    0.00    0.00    0.00    0.00  100.00
04:45:19 PM   31    0.00    0.00    0.00    0.00    0.00    0.00    0.00    0.00    0.00  100.00

04:45:19 PM  CPU    %usr   %nice    %sys %iowait    %irq   %soft  %steal  %guest  %gnice   %idle
04:45:20 PM  all    4.50    0.00    6.31    0.00    0.00    5.62    0.00    0.00    0.00   83.58
04:45:20 PM    0    2.11    0.00   12.63    0.00    0.00    0.00    0.00    0.00    0.00   85.26
04:45:20 PM    1    0.00    0.00    0.00    0.00    0.00  100.00    0.00    0.00    0.00    0.00
04:45:20 PM    2    2.30    0.00   12.64    0.00    0.00    1.15    0.00    0.00    0.00   83.91
04:45:20 PM    3    2.25    0.00   14.61    0.00    0.00    1.12    0.00    0.00    0.00   82.02
04:45:20 PM    4    2.13    0.00    6.38    0.00    0.00    0.00    0.00    0.00    0.00   91.49
04:45:20 PM    5    2.30    0.00   10.34    0.00    0.00    0.00    0.00    0.00    0.00   87.36
04:45:20 PM    6    2.25    0.00   17.98    0.00    0.00    0.00    0.00    0.00    0.00   79.78
04:45:20 PM    7    3.30    0.00   14.29    0.00    0.00    1.10    0.00    0.00    0.00   81.32
04:45:20 PM    8    0.00    0.00    1.00    0.00    0.00    0.00    0.00    0.00    0.00   99.00
04:45:20 PM    9    0.00    0.00    0.00    0.00    0.00    0.00    0.00    0.00    0.00  100.00
04:45:20 PM   10    0.00    0.00    0.00    0.00    0.00    0.00    0.00    0.00    0.00  100.00
04:45:20 PM   11    0.00    0.00    0.00    0.00    0.00    0.00    0.00    0.00    0.00  100.00
04:45:20 PM   12    0.00    0.00    0.00    0.00    0.00    0.00    0.00    0.00    0.00  100.00
04:45:20 PM   13    0.00    0.00    0.00    0.00    0.00    0.00    0.00    0.00    0.00  100.00
04:45:20 PM   14    0.00    0.00    0.00    0.00    0.00    0.00    0.00    0.00    0.00  100.00
04:45:20 PM   15    0.00    0.00    0.00    0.00    0.00    0.00    0.00    0.00    0.00  100.00
04:45:20 PM   16    3.12    0.00   19.79    0.00    0.00    1.04    0.00    0.00    0.00   76.04
04:45:20 PM   17    3.49    0.00   17.44    0.00    0.00    0.00    0.00    0.00    0.00   79.07
04:45:20 PM   18    4.26    0.00   22.34    0.00    0.00    3.19    0.00    0.00    0.00   70.21
04:45:20 PM   19    2.11    0.00   16.84    0.00    0.00    1.05    0.00    0.00    0.00   80.00
04:45:20 PM   20  100.00    0.00    0.00    0.00    0.00    0.00    0.00    0.00    0.00    0.00
04:45:20 PM   21    2.27    0.00   14.77    0.00    0.00    0.00    0.00    0.00    0.00   82.95
04:45:20 PM   22    2.17    0.00    8.70    0.00    0.00   16.30    0.00    0.00    0.00   72.83
04:45:20 PM   23    3.30    0.00   12.09    0.00    0.00   17.58    0.00    0.00    0.00   67.03
04:45:20 PM   24    0.00    0.00    0.00    0.00    0.00   13.92    0.00    0.00    0.00   86.08
04:45:20 PM   25    3.16    0.00    8.42    0.00    0.00   24.21    0.00    0.00    0.00   64.21
04:45:20 PM   26    0.00    0.00    0.00    0.00    0.00    0.00    0.00    0.00    0.00  100.00
04:45:20 PM   27    0.00    0.00    0.00    0.00    0.00    0.00    0.00    0.00    0.00  100.00
04:45:20 PM   28    0.00    0.00    0.00    0.00    0.00    0.00    0.00    0.00    0.00  100.00
04:45:20 PM   29    0.00    0.00    0.00    0.00    0.00    0.00    0.00    0.00    0.00  100.00
04:45:20 PM   30    0.00    0.00    0.00    0.00    0.00    0.00    0.00    0.00    0.00  100.00
04:45:20 PM   31    0.00    0.00    0.00    0.00    0.00    0.00    0.00    0.00    0.00  100.00

04:45:20 PM  CPU    %usr   %nice    %sys %iowait    %irq   %soft  %steal  %guest  %gnice   %idle
04:45:21 PM  all    4.56    0.00    6.84    0.00    0.00    5.55    0.00    0.00    0.00   83.05
04:45:21 PM    0    3.16    0.00   15.79    0.00    0.00    1.05    0.00    0.00    0.00   80.00
04:45:21 PM    1    0.00    0.00    0.00    0.00    0.00   99.00    0.00    0.00    0.00    1.00
04:45:21 PM    2    4.55    0.00   17.05    0.00    0.00    1.14    0.00    0.00    0.00   77.27
04:45:21 PM    3    3.37    0.00   15.73    0.00    0.00    1.12    0.00    0.00    0.00   79.78
04:45:21 PM    4    1.16    0.00    6.98    0.00    0.00    0.00    0.00    0.00    0.00   91.86
04:45:21 PM    5    3.45    0.00   11.49    0.00    0.00    0.00    0.00    0.00    0.00   85.06
04:45:21 PM    6    3.37    0.00   15.73    0.00    0.00    1.12    0.00    0.00    0.00   79.78
04:45:21 PM    7    2.27    0.00   15.91    0.00    0.00    0.00    0.00    0.00    0.00   81.82
04:45:21 PM    8    0.00    0.00    0.00    0.00    0.00    0.00    0.00    0.00    0.00  100.00
04:45:21 PM    9    0.00    0.00    0.00    0.00    0.00    0.00    0.00    0.00    0.00  100.00
04:45:21 PM   10    0.00    0.00    1.00    0.00    0.00    0.00    0.00    0.00    0.00   99.00
04:45:21 PM   11    0.00    0.00    3.03    0.00    0.00    0.00    0.00    0.00    0.00   96.97
04:45:21 PM   12    0.00    0.00    0.99    0.00    0.00    0.00    0.00    0.00    0.00   99.01
04:45:21 PM   13    0.00    0.00    0.00    0.00    0.00    0.00    0.00    0.00    0.00  100.00
04:45:21 PM   14    0.00    0.00    0.00    0.00    0.00    0.00    0.00    0.00    0.00  100.00
04:45:21 PM   15    0.00    0.00    0.00    0.00    0.00    0.00    0.00    0.00    0.00  100.00
04:45:21 PM   16    2.20    0.00   19.78    0.00    0.00    1.10    0.00    0.00    0.00   76.92
04:45:21 PM   17    2.06    0.00   14.43    0.00    0.00    1.03    0.00    0.00    0.00   82.47
04:45:21 PM   18    2.17    0.00   19.57    0.00    0.00    1.09    0.00    0.00    0.00   77.17
04:45:21 PM   19    2.13    0.00   22.34    0.00    0.00    1.06    0.00    0.00    0.00   74.47
04:45:21 PM   20  100.00    0.00    0.00    0.00    0.00    0.00    0.00    0.00    0.00    0.00
04:45:21 PM   21    3.30    0.00   15.38    0.00    0.00    0.00    0.00    0.00    0.00   81.32
04:45:21 PM   22    2.33    0.00    6.98    0.00    0.00   16.28    0.00    0.00    0.00   74.42
04:45:21 PM   23    2.20    0.00    8.79    0.00    0.00   19.78    0.00    0.00    0.00   69.23
04:45:21 PM   24    0.00    0.00    0.00    0.00    0.00    9.59    0.00    0.00    0.00   90.41
04:45:21 PM   25    4.30    0.00   13.98    0.00    0.00   23.66    0.00    0.00    0.00   58.06
04:45:21 PM   26    0.00    0.00    0.00    0.00    0.00    0.00    0.00    0.00    0.00  100.00
04:45:21 PM   27    0.00    0.00    0.00    0.00    0.00    0.00    0.00    0.00    0.00  100.00
04:45:21 PM   28    0.00    0.00    0.00    0.00    0.00    0.00    0.00    0.00    0.00  100.00
04:45:21 PM   29    0.00    0.00    1.00    0.00    0.00    0.00    0.00    0.00    0.00   99.00
04:45:21 PM   30    0.00    0.00    0.00    0.00    0.00    0.00    0.00    0.00    0.00  100.00
04:45:21 PM   31    0.00    0.00    1.00    0.00    0.00    0.00    0.00    0.00    0.00   99.00

04:45:21 PM  CPU    %usr   %nice    %sys %iowait    %irq   %soft  %steal  %guest  %gnice   %idle
04:45:22 PM  all    4.57    0.00    6.81    0.03    0.00    5.69    0.00    0.00    0.00   82.89
04:45:22 PM    0    2.20    0.00   14.29    0.00    0.00    0.00    0.00    0.00    0.00   83.52
04:45:22 PM    1    0.00    0.00    0.00    0.00    0.00  100.00    0.00    0.00    0.00    0.00
04:45:22 PM    2    3.33    0.00   17.78    0.00    0.00    1.11    0.00    0.00    0.00   77.78
04:45:22 PM    3    3.49    0.00   15.12    0.00    0.00    0.00    0.00    0.00    0.00   81.40
04:45:22 PM    4    1.09    0.00    7.61    0.00    0.00    0.00    0.00    0.00    0.00   91.30
04:45:22 PM    5    3.33    0.00   14.44    0.00    0.00    1.11    0.00    0.00    0.00   81.11
04:45:22 PM    6    3.41    0.00   13.64    0.00    0.00    0.00    0.00    0.00    0.00   82.95
04:45:22 PM    7    3.41    0.00   13.64    0.00    0.00    1.14    0.00    0.00    0.00   81.82
04:45:22 PM    8    0.00    0.00    0.00    0.00    0.00    0.00    0.00    0.00    0.00  100.00
04:45:22 PM    9    0.98    0.00    0.98    0.00    0.00    0.00    0.00    0.00    0.00   98.04
04:45:22 PM   10    0.00    0.00    0.99    0.00    0.00    0.00    0.00    0.00    0.00   99.01
04:45:22 PM   11    1.01    0.00    1.01    0.00    0.00    0.00    0.00    0.00    0.00   97.98
04:45:22 PM   12    0.00    0.00    0.00    0.00    0.00    0.00    0.00    0.00    0.00  100.00
04:45:22 PM   13    0.00    0.00    0.00    0.00    0.00    0.00    0.00    0.00    0.00  100.00
04:45:22 PM   14    0.00    0.00    0.00    0.00    0.00    0.00    0.00    0.00    0.00  100.00
04:45:22 PM   15    0.00    0.00    0.00    0.00    0.00    0.00    0.00    0.00    0.00  100.00
04:45:22 PM   16    3.30    0.00   15.38    1.10    0.00    1.10    0.00    0.00    0.00   79.12
04:45:22 PM   17    2.15    0.00   16.13    0.00    0.00    0.00    0.00    0.00    0.00   81.72
04:45:22 PM   18    4.35    0.00   27.17    0.00    0.00    1.09    0.00    0.00    0.00   67.39
04:45:22 PM   19    3.30    0.00   19.78    0.00    0.00    1.10    0.00    0.00    0.00   75.82
04:45:22 PM   20  100.00    0.00    0.00    0.00    0.00    0.00    0.00    0.00    0.00    0.00
04:45:22 PM   21    2.20    0.00   15.38    0.00    0.00    1.10    0.00    0.00    0.00   81.32
04:45:22 PM   22    1.05    0.00    9.47    0.00    0.00   21.05    0.00    0.00    0.00   68.42
04:45:22 PM   23    1.09    0.00   13.04    0.00    0.00   18.48    0.00    0.00    0.00   67.39
04:45:22 PM   24    0.00    0.00    0.00    0.00    0.00    9.59    0.00    0.00    0.00   90.41
04:45:22 PM   25    3.16    0.00   11.58    0.00    0.00   23.16    0.00    0.00    0.00   62.11
04:45:22 PM   26    0.00    0.00    0.00    0.00    0.00    0.00    0.00    0.00    0.00  100.00
04:45:22 PM   27    0.00    0.00    0.00    0.00    0.00    0.00    0.00    0.00    0.00  100.00
04:45:22 PM   28    0.00    0.00    0.00    0.00    0.00    0.00    0.00    0.00    0.00  100.00
04:45:22 PM   29    0.00    0.00    0.00    0.00    0.00    0.00    0.00    0.00    0.00  100.00
04:45:22 PM   30    0.00    0.00    0.00    0.00    0.00    0.00    0.00    0.00    0.00  100.00
04:45:22 PM   31    0.00    0.00    0.00    0.00    0.00    0.00    0.00    0.00    0.00  100.00

04:45:22 PM  CPU    %usr   %nice    %sys %iowait    %irq   %soft  %steal  %guest  %gnice   %idle
04:45:23 PM  all    4.70    0.00    6.54    0.00    0.00    6.28    0.00    0.00    0.00   82.48
04:45:23 PM    0    2.13    0.00   13.83    0.00    0.00    1.06    0.00    0.00    0.00   82.98
04:45:23 PM    1    0.00    0.00    0.00    0.00    0.00   99.01    0.00    0.00    0.00    0.99
04:45:23 PM    2    4.55    0.00   18.18    0.00    0.00    1.14    0.00    0.00    0.00   76.14
04:45:23 PM    3    3.49    0.00   13.95    0.00    0.00    1.16    0.00    0.00    0.00   81.40
04:45:23 PM    4    3.37    0.00    6.74    0.00    0.00    0.00    0.00    0.00    0.00   89.89
04:45:23 PM    5    2.33    0.00   12.79    0.00    0.00    0.00    0.00    0.00    0.00   84.88
04:45:23 PM    6    2.35    0.00   12.94    0.00    0.00    1.18    0.00    0.00    0.00   83.53
04:45:23 PM    7    2.27    0.00   17.05    0.00    0.00    1.14    0.00    0.00    0.00   79.55
04:45:23 PM    8    0.00    0.00    0.00    0.00    0.00    0.00    0.00    0.00    0.00  100.00
04:45:23 PM    9    0.00    0.00    0.00    0.00    0.00    0.00    0.00    0.00    0.00  100.00
04:45:23 PM   10    0.00    0.00    0.00    0.00    0.00    0.00    0.00    0.00    0.00  100.00
04:45:23 PM   11    0.00    0.00    2.00    0.00    0.00    0.00    0.00    0.00    0.00   98.00
04:45:23 PM   12    0.00    0.00    0.00    0.00    0.00    0.00    0.00    0.00    0.00  100.00
04:45:23 PM   13    0.00    0.00    0.00    0.00    0.00    0.00    0.00    0.00    0.00  100.00
04:45:23 PM   14    0.00    0.00    0.00    0.00    0.00    0.00    0.00    0.00    0.00  100.00
04:45:23 PM   15    0.00    0.00    0.00    0.00    0.00    0.00    0.00    0.00    0.00  100.00
04:45:23 PM   16    4.40    0.00   18.68    0.00    0.00    2.20    0.00    0.00    0.00   74.73
04:45:23 PM   17    3.19    0.00   13.83    0.00    0.00    0.00    0.00    0.00    0.00   82.98
04:45:23 PM   18    3.23    0.00   20.43    0.00    0.00    1.08    0.00    0.00    0.00   75.27
04:45:23 PM   19    3.33    0.00   17.78    0.00    0.00    0.00    0.00    0.00    0.00   78.89
04:45:23 PM   20  100.00    0.00    0.00    0.00    0.00    0.00    0.00    0.00    0.00    0.00
04:45:23 PM   21    3.26    0.00   16.30    0.00    0.00    0.00    0.00    0.00    0.00   80.43
04:45:23 PM   22    1.10    0.00    8.79    0.00    0.00   19.78    0.00    0.00    0.00   70.33
04:45:23 PM   23    2.20    0.00   10.99    0.00    0.00   19.78    0.00    0.00    0.00   67.03
04:45:23 PM   24    0.00    0.00    0.00    0.00    0.00   24.42    0.00    0.00    0.00   75.58
04:45:23 PM   25    6.00    0.00   14.00    0.00    0.00   26.00    0.00    0.00    0.00   54.00
04:45:23 PM   26    0.00    0.00    1.00    0.00    0.00    0.00    0.00    0.00    0.00   99.00
04:45:23 PM   27    0.00    0.00    0.00    0.00    0.00    0.00    0.00    0.00    0.00  100.00
04:45:23 PM   28    0.00    0.00    0.00    0.00    0.00    0.00    0.00    0.00    0.00  100.00
04:45:23 PM   29    0.00    0.00    0.00    0.00    0.00    0.00    0.00    0.00    0.00  100.00
04:45:23 PM   30    0.00    0.00    0.00    0.00    0.00    0.00    0.00    0.00    0.00  100.00
04:45:23 PM   31    0.00    0.00    0.00    0.00    0.00    0.00    0.00    0.00    0.00  100.00

04:45:23 PM  CPU    %usr   %nice    %sys %iowait    %irq   %soft  %steal  %guest  %gnice   %idle
04:45:24 PM  all    4.45    0.00    6.13    0.00    0.00    5.67    0.00    0.00    0.00   83.74
04:45:24 PM    0    2.13    0.00   17.02    0.00    0.00    0.00    0.00    0.00    0.00   80.85
04:45:24 PM    1    0.00    0.00    0.00    0.00    0.00   99.00    0.00    0.00    0.00    1.00
04:45:24 PM    2    3.49    0.00   16.28    0.00    0.00    0.00    0.00    0.00    0.00   80.23
04:45:24 PM    3    2.22    0.00   17.78    0.00    0.00    1.11    0.00    0.00    0.00   78.89
04:45:24 PM    4    1.11    0.00    5.56    0.00    0.00    0.00    0.00    0.00    0.00   93.33
04:45:24 PM    5    3.41    0.00   11.36    0.00    0.00    0.00    0.00    0.00    0.00   85.23
04:45:24 PM    6    4.44    0.00   13.33    0.00    0.00    0.00    0.00    0.00    0.00   82.22
04:45:24 PM    7    2.30    0.00   12.64    0.00    0.00    0.00    0.00    0.00    0.00   85.06
04:45:24 PM    8    0.00    0.00    0.00    0.00    0.00    0.00    0.00    0.00    0.00  100.00
04:45:24 PM    9    0.00    0.00    0.00    0.00    0.00    0.00    0.00    0.00    0.00  100.00
04:45:24 PM   10    0.00    0.00    0.00    0.00    0.00    0.00    0.00    0.00    0.00  100.00
04:45:24 PM   11    0.00    0.00    0.00    0.00    0.00    0.00    0.00    0.00    0.00  100.00
04:45:24 PM   12    0.00    0.00    0.00    0.00    0.00    0.00    0.00    0.00    0.00  100.00
04:45:24 PM   13    0.00    0.00    0.00    0.00    0.00    0.00    0.00    0.00    0.00  100.00
04:45:24 PM   14    0.00    0.00    0.00    0.00    0.00    0.00    0.00    0.00    0.00  100.00
04:45:24 PM   15    0.00    0.00    0.00    0.00    0.00    0.00    0.00    0.00    0.00  100.00
04:45:24 PM   16    2.20    0.00   17.58    0.00    0.00    1.10    0.00    0.00    0.00   79.12
04:45:24 PM   17    2.35    0.00   17.65    0.00    0.00    0.00    0.00    0.00    0.00   80.00
04:45:24 PM   18    4.35    0.00   18.48    0.00    0.00    2.17    0.00    0.00    0.00   75.00
04:45:24 PM   19    2.22    0.00   15.56    0.00    0.00    1.11    0.00    0.00    0.00   81.11
04:45:24 PM   20  100.00    0.00    0.00    0.00    0.00    0.00    0.00    0.00    0.00    0.00
04:45:24 PM   21    3.26    0.00   14.13    0.00    0.00    1.09    0.00    0.00    0.00   81.52
04:45:24 PM   22    1.09    0.00    8.70    0.00    0.00   18.48    0.00    0.00    0.00   71.74
04:45:24 PM   23    2.15    0.00   10.75    0.00    0.00   17.20    0.00    0.00    0.00   69.89
04:45:24 PM   24    0.00    0.00    0.00    0.00    0.00   12.99    0.00    0.00    0.00   87.01
04:45:24 PM   25    2.11    0.00    9.47    0.00    0.00   25.26    0.00    0.00    0.00   63.16
04:45:24 PM   26    0.00    0.00    0.00    0.00    0.00    0.00    0.00    0.00    0.00  100.00
04:45:24 PM   27    0.00    0.00    0.00    0.00    0.00    0.00    0.00    0.00    0.00  100.00
04:45:24 PM   28    0.00    0.00    0.00    0.00    0.00    0.00    0.00    0.00    0.00  100.00
04:45:24 PM   29    0.00    0.00    0.00    0.00    0.00    0.00    0.00    0.00    0.00  100.00
04:45:24 PM   30    0.00    0.00    0.00    0.00    0.00    0.00    0.00    0.00    0.00  100.00
04:45:24 PM   31    0.00    0.00    0.00    0.00    0.00    0.00    0.00    0.00    0.00  100.00

Average:     CPU    %usr   %nice    %sys %iowait    %irq   %soft  %steal  %guest  %gnice   %idle
Average:     all    4.56    0.00    6.54    0.01    0.00    5.90    0.00    0.00    0.00   82.99
Average:       0    1.79    0.00   12.34    0.00    0.00    0.53    0.00    0.00    0.00   85.34
Average:       1    0.00    0.00    0.00    0.00    0.00   99.30    0.00    0.00    0.00    0.70
Average:       2    3.89    0.00   18.51    0.00    0.00    1.14    0.00    0.00    0.00   76.46
Average:       3    3.53    0.00   16.86    0.00    0.00    0.91    0.00    0.00    0.00   78.70
Average:       4    1.89    0.00    7.56    0.00    0.00    0.00    0.00    0.00    0.00   90.55
Average:       5    3.10    0.00   13.20    0.00    0.00    0.34    0.00    0.00    0.00   83.35
Average:       6    3.43    0.00   14.97    0.00    0.00    0.57    0.00    0.00    0.00   81.03
Average:       7    2.63    0.00   15.09    0.00    0.00    0.57    0.00    0.00    0.00   81.71
Average:       8    0.10    0.00    0.30    0.00    0.00    0.00    0.00    0.00    0.00   99.60
Average:       9    0.10    0.00    0.30    0.00    0.00    0.00    0.00    0.00    0.00   99.60
Average:      10    0.00    0.00    0.20    0.00    0.00    0.00    0.00    0.00    0.00   99.80
Average:      11    0.20    0.00    0.90    0.00    0.00    0.10    0.00    0.00    0.00   98.80
Average:      12    0.00    0.00    0.10    0.00    0.00    0.00    0.00    0.00    0.00   99.90
Average:      13    0.00    0.00    0.10    0.00    0.00    0.00    0.00    0.00    0.00   99.90
Average:      14    0.00    0.00    0.00    0.00    0.00    0.00    0.00    0.00    0.00  100.00
Average:      15    0.00    0.00    0.00    0.00    0.00    0.00    0.00    0.00    0.00  100.00
Average:      16    3.27    0.00   18.97    0.11    0.00    1.42    0.00    0.00    0.00   76.23
Average:      17    2.61    0.00   15.20    0.00    0.00    0.22    0.00    0.00    0.00   81.98
Average:      18    3.62    0.00   19.85    0.11    0.00    1.32    0.00    0.00    0.00   75.11
Average:      19    2.72    0.00   17.93    0.00    0.00    0.98    0.00    0.00    0.00   78.37
Average:      20  100.00    0.00    0.00    0.00    0.00    0.00    0.00    0.00    0.00    0.00
Average:      21    2.57    0.00   13.48    0.00    0.00    0.53    0.00    0.00    0.00   83.42
Average:      22    1.42    0.00    7.75    0.00    0.00   18.23    0.00    0.00    0.00   72.60
Average:      23    1.76    0.00    9.33    0.00    0.00   17.78    0.00    0.00    0.00   71.13
Average:      24    0.60    0.00    2.30    0.00    0.00   18.62    0.00    0.00    0.00   78.48
Average:      25    3.14    0.00   10.77    0.00    0.00   25.21    0.00    0.00    0.00   60.88
Average:      26    0.40    0.00    2.30    0.00    0.00    0.00    0.00    0.00    0.00   97.30
Average:      27    0.10    0.00    0.70    0.00    0.00    0.00    0.00    0.00    0.00   99.20
Average:      28    0.00    0.00    0.00    0.00    0.00    0.00    0.00    0.00    0.00  100.00
Average:      29    0.00    0.00    0.10    0.00    0.00    0.00    0.00    0.00    0.00   99.90
Average:      30    0.00    0.00    0.10    0.00    0.00    0.00    0.00    0.00    0.00   99.90
Average:      31    0.00    0.00    0.10    0.00    0.00    0.00    0.00    0.00    0.00   99.90
