Linux 7.0.0-22-generic (ms-a2-gateway) 	06/07/2026 	_x86_64_	(32 CPU)

04:53:58 PM  CPU    %usr   %nice    %sys %iowait    %irq   %soft  %steal  %guest  %gnice   %idle
04:53:59 PM  all    4.67    0.00    6.12    0.00    0.00    5.33    0.00    0.00    0.00   83.89
04:53:59 PM    0    1.02    0.00    3.06    0.00    0.00    1.02    0.00    0.00    0.00   94.90
04:53:59 PM    1    0.00    0.00    0.00    0.00    0.00  100.00    0.00    0.00    0.00    0.00
04:53:59 PM    2    4.49    0.00   16.85    0.00    0.00    1.12    0.00    0.00    0.00   77.53
04:53:59 PM    3    2.33    0.00   12.79    0.00    0.00    1.16    0.00    0.00    0.00   83.72
04:53:59 PM    4    3.57    0.00   11.90    0.00    0.00    0.00    0.00    0.00    0.00   84.52
04:53:59 PM    5    3.53    0.00    9.41    0.00    0.00    0.00    0.00    0.00    0.00   87.06
04:53:59 PM    6    2.30    0.00   10.34    0.00    0.00    1.15    0.00    0.00    0.00   86.21
04:53:59 PM    7    3.33    0.00    6.67    0.00    0.00    1.11    0.00    0.00    0.00   88.89
04:53:59 PM    8  100.00    0.00    0.00    0.00    0.00    0.00    0.00    0.00    0.00    0.00
04:53:59 PM    9    1.02    0.00   14.29    0.00    0.00    0.00    0.00    0.00    0.00   84.69
04:53:59 PM   10    0.00    0.00    3.03    0.00    0.00    0.00    0.00    0.00    0.00   96.97
04:53:59 PM   11    0.00    0.00    0.00    0.00    0.00    0.00    0.00    0.00    0.00  100.00
04:53:59 PM   12    0.00    0.00    2.00    0.00    0.00    0.00    0.00    0.00    0.00   98.00
04:53:59 PM   13    3.03    0.00   13.13    0.00    0.00    1.01    0.00    0.00    0.00   82.83
04:53:59 PM   14    1.00    0.00   11.00    0.00    0.00    0.00    0.00    0.00    0.00   88.00
04:53:59 PM   15    0.00    0.00    4.04    0.00    0.00    0.00    0.00    0.00    0.00   95.96
04:53:59 PM   16    5.32    0.00   18.09    0.00    0.00    1.06    0.00    0.00    0.00   75.53
04:53:59 PM   17    2.20    0.00    4.40    0.00    0.00    0.00    0.00    0.00    0.00   93.41
04:53:59 PM   18    4.55    0.00   20.45    0.00    0.00    0.00    0.00    0.00    0.00   75.00
04:53:59 PM   19    1.02    0.00    2.04    0.00    0.00    0.00    0.00    0.00    0.00   96.94
04:53:59 PM   20    2.00    0.00   10.00    0.00    0.00    0.00    0.00    0.00    0.00   88.00
04:53:59 PM   21    0.00    0.00    1.00    0.00    0.00    0.00    0.00    0.00    0.00   99.00
04:53:59 PM   22    0.00    0.00    0.00    0.00    0.00   11.63    0.00    0.00    0.00   88.37
04:53:59 PM   23    0.00    0.00    0.00    0.00    0.00    9.41    0.00    0.00    0.00   90.59
04:53:59 PM   24    2.04    0.00   11.22    0.00    0.00   25.51    0.00    0.00    0.00   61.22
04:53:59 PM   25    2.27    0.00    7.95    0.00    0.00   14.77    0.00    0.00    0.00   75.00
04:53:59 PM   26    1.00    0.00    7.00    0.00    0.00    0.00    0.00    0.00    0.00   92.00
04:53:59 PM   27    0.00    0.00    0.00    0.00    0.00    0.00    0.00    0.00    0.00  100.00
04:53:59 PM   28    0.00    0.00    0.00    0.00    0.00    0.00    0.00    0.00    0.00  100.00
04:53:59 PM   29    0.00    0.00    0.00    0.00    0.00    0.00    0.00    0.00    0.00  100.00
04:53:59 PM   30    0.00    0.00    0.00    0.00    0.00    0.00    0.00    0.00    0.00  100.00
04:53:59 PM   31    0.00    0.00    0.00    0.00    0.00    0.00    0.00    0.00    0.00  100.00

04:53:59 PM  CPU    %usr   %nice    %sys %iowait    %irq   %soft  %steal  %guest  %gnice   %idle
04:54:00 PM  all    4.79    0.00    7.72    0.00    0.00    5.75    0.00    0.00    0.00   81.75
04:54:00 PM    0    1.00    0.00    8.00    0.00    0.00    1.00    0.00    0.00    0.00   90.00
04:54:00 PM    1    0.00    0.00    0.00    0.00    0.00  100.00    0.00    0.00    0.00    0.00
04:54:00 PM    2    3.57    0.00   13.10    0.00    0.00    0.00    0.00    0.00    0.00   83.33
04:54:00 PM    3    4.65    0.00   12.79    0.00    0.00    0.00    0.00    0.00    0.00   82.56
04:54:00 PM    4    4.65    0.00   13.95    0.00    0.00    0.00    0.00    0.00    0.00   81.40
04:54:00 PM    5    3.49    0.00   13.95    0.00    0.00    0.00    0.00    0.00    0.00   82.56
04:54:00 PM    6    3.45    0.00   14.94    0.00    0.00    0.00    0.00    0.00    0.00   81.61
04:54:00 PM    7    4.71    0.00   18.82    0.00    0.00    0.00    0.00    0.00    0.00   76.47
04:54:00 PM    8  100.00    0.00    0.00    0.00    0.00    0.00    0.00    0.00    0.00    0.00
04:54:00 PM    9    3.06    0.00   14.29    0.00    0.00    1.02    0.00    0.00    0.00   81.63
04:54:00 PM   10    0.00    0.00    2.00    0.00    0.00    0.00    0.00    0.00    0.00   98.00
04:54:00 PM   11    2.02    0.00   11.11    0.00    0.00    0.00    0.00    0.00    0.00   86.87
04:54:00 PM   12    0.00    0.00    1.00    0.00    0.00    0.00    0.00    0.00    0.00   99.00
04:54:00 PM   13    2.02    0.00   14.14    0.00    0.00    0.00    0.00    0.00    0.00   83.84
04:54:00 PM   14    0.00    0.00    4.00    0.00    0.00    0.00    0.00    0.00    0.00   96.00
04:54:00 PM   15    0.00    0.00    0.00    0.00    0.00    0.00    0.00    0.00    0.00  100.00
04:54:00 PM   16    3.23    0.00   16.13    0.00    0.00    1.08    0.00    0.00    0.00   79.57
04:54:00 PM   17    0.00    0.00    0.00    0.00    0.00    0.00    0.00    0.00    0.00  100.00
04:54:00 PM   18    3.19    0.00   18.09    0.00    0.00    1.06    0.00    0.00    0.00   77.66
04:54:00 PM   19    3.00    0.00   15.00    0.00    0.00    0.00    0.00    0.00    0.00   82.00
04:54:00 PM   20    4.08    0.00   26.53    0.00    0.00    1.02    0.00    0.00    0.00   68.37
04:54:00 PM   21    1.04    0.00   11.46    0.00    0.00    0.00    0.00    0.00    0.00   87.50
04:54:00 PM   22    0.00    0.00    0.00    0.00    0.00   21.28    0.00    0.00    0.00   78.72
04:54:00 PM   23    0.00    0.00    1.09    0.00    0.00   18.48    0.00    0.00    0.00   80.43
04:54:00 PM   24    1.06    0.00    4.26    0.00    0.00   29.79    0.00    0.00    0.00   64.89
04:54:00 PM   25    0.00    0.00    4.05    0.00    0.00    5.41    0.00    0.00    0.00   90.54
04:54:00 PM   26    0.98    0.00    4.90    0.00    0.00    0.00    0.00    0.00    0.00   94.12
04:54:00 PM   27    1.01    0.00    9.09    0.00    0.00    1.01    0.00    0.00    0.00   88.89
04:54:00 PM   28    0.00    0.00    0.00    0.00    0.00    0.00    0.00    0.00    0.00  100.00
04:54:00 PM   29    0.00    0.00    0.00    0.00    0.00    0.00    0.00    0.00    0.00  100.00
04:54:00 PM   30    0.00    0.00    0.00    0.00    0.00    0.00    0.00    0.00    0.00  100.00
04:54:00 PM   31    0.00    0.00    0.00    0.00    0.00    0.00    0.00    0.00    0.00  100.00

04:54:00 PM  CPU    %usr   %nice    %sys %iowait    %irq   %soft  %steal  %guest  %gnice   %idle
04:54:01 PM  all    4.61    0.00    6.79    0.00    0.00    5.30    0.00    0.00    0.00   83.29
04:54:01 PM    0    1.01    0.00    3.03    0.00    0.00    0.00    0.00    0.00    0.00   95.96
04:54:01 PM    1    0.00    0.00    0.00    0.00    0.00   99.00    0.00    0.00    0.00    1.00
04:54:01 PM    2    2.30    0.00   14.94    0.00    0.00    0.00    0.00    0.00    0.00   82.76
04:54:01 PM    3    2.35    0.00   11.76    0.00    0.00    0.00    0.00    0.00    0.00   85.88
04:54:01 PM    4    4.55    0.00   14.77    0.00    0.00    1.14    0.00    0.00    0.00   79.55
04:54:01 PM    5    3.37    0.00   13.48    0.00    0.00    0.00    0.00    0.00    0.00   83.15
04:54:01 PM    6    3.57    0.00   10.71    0.00    0.00    0.00    0.00    0.00    0.00   85.71
04:54:01 PM    7    2.30    0.00   13.79    0.00    0.00    0.00    0.00    0.00    0.00   83.91
04:54:01 PM    8  100.00    0.00    0.00    0.00    0.00    0.00    0.00    0.00    0.00    0.00
04:54:01 PM    9    2.04    0.00   17.35    0.00    0.00    1.02    0.00    0.00    0.00   79.59
04:54:01 PM   10    1.00    0.00    5.00    0.00    0.00    1.00    0.00    0.00    0.00   93.00
04:54:01 PM   11    0.00    0.00    6.12    0.00    0.00    0.00    0.00    0.00    0.00   93.88
04:54:01 PM   12    0.00    0.00    0.00    0.00    0.00    0.00    0.00    0.00    0.00  100.00
04:54:01 PM   13    3.03    0.00   15.15    0.00    0.00    1.01    0.00    0.00    0.00   80.81
04:54:01 PM   14    1.92    0.00    5.77    0.00    0.00    0.96    0.00    0.00    0.00   91.35
04:54:01 PM   15    1.00    0.00    4.00    0.00    0.00    0.00    0.00    0.00    0.00   95.00
04:54:01 PM   16    3.19    0.00   13.83    0.00    0.00    0.00    0.00    0.00    0.00   82.98
04:54:01 PM   17    1.10    0.00    4.40    0.00    0.00    0.00    0.00    0.00    0.00   94.51
04:54:01 PM   18    2.04    0.00   15.31    0.00    0.00    0.00    0.00    0.00    0.00   82.65
04:54:01 PM   19    1.02    0.00    9.18    0.00    0.00    1.02    0.00    0.00    0.00   88.78
04:54:01 PM   20    2.06    0.00    8.25    0.00    0.00    0.00    0.00    0.00    0.00   89.69
04:54:01 PM   21    0.00    0.00    4.08    0.00    0.00    0.00    0.00    0.00    0.00   95.92
04:54:01 PM   22    0.00    0.00    2.47    0.00    0.00   13.58    0.00    0.00    0.00   83.95
04:54:01 PM   23    1.05    0.00    7.37    0.00    0.00   21.05    0.00    0.00    0.00   70.53
04:54:01 PM   24    1.16    0.00    4.65    0.00    0.00   20.93    0.00    0.00    0.00   73.26
04:54:01 PM   25    0.00    0.00    2.53    0.00    0.00    8.86    0.00    0.00    0.00   88.61
04:54:01 PM   26    0.00    0.00    1.01    0.00    0.00    0.00    0.00    0.00    0.00   98.99
04:54:01 PM   27    2.02    0.00    9.09    0.00    0.00    0.00    0.00    0.00    0.00   88.89
04:54:01 PM   28    0.00    0.00    0.00    0.00    0.00    0.00    0.00    0.00    0.00  100.00
04:54:01 PM   29    0.00    0.00    0.00    0.00    0.00    0.00    0.00    0.00    0.00  100.00
04:54:01 PM   30    0.99    0.00    1.98    0.00    0.00    0.00    0.00    0.00    0.00   97.03
04:54:01 PM   31    0.00    0.00    0.99    0.00    0.00    0.00    0.00    0.00    0.00   99.01

04:54:01 PM  CPU    %usr   %nice    %sys %iowait    %irq   %soft  %steal  %guest  %gnice   %idle
04:54:02 PM  all    4.76    0.00    6.68    0.00    0.00    4.96    0.00    0.00    0.00   83.61
04:54:02 PM    0    1.02    0.00    3.06    0.00    0.00    1.02    0.00    0.00    0.00   94.90
04:54:02 PM    1    0.00    0.00    0.00    0.00    0.00   99.01    0.00    0.00    0.00    0.99
04:54:02 PM    2    4.55    0.00   13.64    0.00    0.00    1.14    0.00    0.00    0.00   80.68
04:54:02 PM    3    4.60    0.00   11.49    0.00    0.00    0.00    0.00    0.00    0.00   83.91
04:54:02 PM    4    3.45    0.00   13.79    0.00    0.00    0.00    0.00    0.00    0.00   82.76
04:54:02 PM    5    3.53    0.00   12.94    0.00    0.00    0.00    0.00    0.00    0.00   83.53
04:54:02 PM    6    2.35    0.00   12.94    0.00    0.00    0.00    0.00    0.00    0.00   84.71
04:54:02 PM    7    3.41    0.00   10.23    0.00    0.00    0.00    0.00    0.00    0.00   86.36
04:54:02 PM    8  100.00    0.00    0.00    0.00    0.00    0.00    0.00    0.00    0.00    0.00
04:54:02 PM    9    3.00    0.00   16.00    0.00    0.00    1.00    0.00    0.00    0.00   80.00
04:54:02 PM   10    1.00    0.00   11.00    0.00    0.00    0.00    0.00    0.00    0.00   88.00
04:54:02 PM   11    2.00    0.00   11.00    0.00    0.00    0.00    0.00    0.00    0.00   87.00
04:54:02 PM   12    0.00    0.00    0.00    0.00    0.00    0.00    0.00    0.00    0.00  100.00
04:54:02 PM   13    0.99    0.00   11.88    0.00    0.00    0.00    0.00    0.00    0.00   87.13
04:54:02 PM   14    0.00    0.00    1.01    0.00    0.00    0.00    0.00    0.00    0.00   98.99
04:54:02 PM   15    0.00    0.00    0.00    0.00    0.00    0.00    0.00    0.00    0.00  100.00
04:54:02 PM   16    3.16    0.00   12.63    0.00    0.00    1.05    0.00    0.00    0.00   83.16
04:54:02 PM   17    1.10    0.00    5.49    0.00    0.00    0.00    0.00    0.00    0.00   93.41
04:54:02 PM   18    4.12    0.00   17.53    0.00    0.00    1.03    0.00    0.00    0.00   77.32
04:54:02 PM   19    2.06    0.00   10.31    0.00    0.00    0.00    0.00    0.00    0.00   87.63
04:54:02 PM   20    3.16    0.00   14.74    0.00    0.00    1.05    0.00    0.00    0.00   81.05
04:54:02 PM   21    1.00    0.00    4.00    0.00    0.00    1.00    0.00    0.00    0.00   94.00
04:54:02 PM   22    0.00    0.00    0.00    0.00    0.00   17.24    0.00    0.00    0.00   82.76
04:54:02 PM   23    2.15    0.00    3.23    0.00    0.00   17.20    0.00    0.00    0.00   77.42
04:54:02 PM   24    0.00    0.00    3.75    0.00    0.00   12.50    0.00    0.00    0.00   83.75
04:54:02 PM   25    0.00    0.00    0.00    0.00    0.00    2.63    0.00    0.00    0.00   97.37
04:54:02 PM   26    0.00    0.00    2.00    0.00    0.00    0.00    0.00    0.00    0.00   98.00
04:54:02 PM   27    1.03    0.00    9.28    0.00    0.00    0.00    0.00    0.00    0.00   89.69
04:54:02 PM   28    0.00    0.00    4.04    0.00    0.00    0.00    0.00    0.00    0.00   95.96
04:54:02 PM   29    0.00    0.00    0.00    0.00    0.00    0.00    0.00    0.00    0.00  100.00
04:54:02 PM   30    0.00    0.00    0.00    0.00    0.00    0.00    0.00    0.00    0.00  100.00
04:54:02 PM   31    0.00    0.00    0.00    0.00    0.00    0.00    0.00    0.00    0.00  100.00

04:54:02 PM  CPU    %usr   %nice    %sys %iowait    %irq   %soft  %steal  %guest  %gnice   %idle
04:54:03 PM  all    4.68    0.00    6.64    0.00    0.00    5.35    0.00    0.00    0.00   83.33
04:54:03 PM    0    1.02    0.00    4.08    0.00    0.00    0.00    0.00    0.00    0.00   94.90
04:54:03 PM    1    0.00    0.00    0.00    0.00    0.00  100.00    0.00    0.00    0.00    0.00
04:54:03 PM    2    3.53    0.00   16.47    0.00    0.00    0.00    0.00    0.00    0.00   80.00
04:54:03 PM    3    3.53    0.00   11.76    0.00    0.00    1.18    0.00    0.00    0.00   83.53
04:54:03 PM    4    4.55    0.00   19.32    0.00    0.00    0.00    0.00    0.00    0.00   76.14
04:54:03 PM    5    3.41    0.00   13.64    0.00    0.00    0.00    0.00    0.00    0.00   82.95
04:54:03 PM    6    3.49    0.00   11.63    0.00    0.00    0.00    0.00    0.00    0.00   84.88
04:54:03 PM    7    1.28    0.00    3.85    0.00    0.00    0.00    0.00    0.00    0.00   94.87
04:54:03 PM    8  100.00    0.00    0.00    0.00    0.00    0.00    0.00    0.00    0.00    0.00
04:54:03 PM    9    1.02    0.00   10.20    0.00    0.00    1.02    0.00    0.00    0.00   87.76
04:54:03 PM   10    1.01    0.00    5.05    0.00    0.00    0.00    0.00    0.00    0.00   93.94
04:54:03 PM   11    1.04    0.00    8.33    0.00    0.00    0.00    0.00    0.00    0.00   90.62
04:54:03 PM   12    0.00    0.00    2.00    0.00    0.00    1.00    0.00    0.00    0.00   97.00
04:54:03 PM   13    3.06    0.00   12.24    0.00    0.00    0.00    0.00    0.00    0.00   84.69
04:54:03 PM   14    1.02    0.00    3.06    0.00    0.00    0.00    0.00    0.00    0.00   95.92
04:54:03 PM   15    0.00    0.00    0.00    0.00    0.00    0.00    0.00    0.00    0.00  100.00
04:54:03 PM   16    3.30    0.00   15.38    0.00    0.00    0.00    0.00    0.00    0.00   81.32
04:54:03 PM   17    2.04    0.00    8.16    0.00    0.00    0.00    0.00    0.00    0.00   89.80
04:54:03 PM   18    3.09    0.00   19.59    0.00    0.00    1.03    0.00    0.00    0.00   76.29
04:54:03 PM   19    1.03    0.00    6.19    0.00    0.00    0.00    0.00    0.00    0.00   92.78
04:54:03 PM   20    4.60    0.00   20.69    0.00    0.00    1.15    0.00    0.00    0.00   73.56
04:54:03 PM   21    0.00    0.00    1.00    0.00    0.00    0.00    0.00    0.00    0.00   99.00
04:54:03 PM   22    1.05    0.00    6.32    0.00    0.00   17.89    0.00    0.00    0.00   74.74
04:54:03 PM   23    0.00    0.00    5.32    0.00    0.00   22.34    0.00    0.00    0.00   72.34
04:54:03 PM   24    0.00    0.00    2.41    0.00    0.00   18.07    0.00    0.00    0.00   79.52
04:54:03 PM   25    0.00    0.00    0.00    0.00    0.00    5.26    0.00    0.00    0.00   94.74
04:54:03 PM   26    0.00    0.00    0.00    0.00    0.00    0.00    0.00    0.00    0.00  100.00
04:54:03 PM   27    2.02    0.00   11.11    0.00    0.00    0.00    0.00    0.00    0.00   86.87
04:54:03 PM   28    0.00    0.00    0.00    0.00    0.00    0.00    0.00    0.00    0.00  100.00
04:54:03 PM   29    0.00    0.00    0.00    0.00    0.00    0.00    0.00    0.00    0.00  100.00
04:54:03 PM   30    0.00    0.00    0.00    0.00    0.00    0.00    0.00    0.00    0.00  100.00
04:54:03 PM   31    0.00    0.00    0.00    0.00    0.00    0.00    0.00    0.00    0.00  100.00

04:54:03 PM  CPU    %usr   %nice    %sys %iowait    %irq   %soft  %steal  %guest  %gnice   %idle
04:54:04 PM  all    4.65    0.00    6.63    0.00    0.00    4.91    0.00    0.00    0.00   83.81
04:54:04 PM    0    1.04    0.00    3.12    0.00    0.00    0.00    0.00    0.00    0.00   95.83
04:54:04 PM    1    0.00    0.00    0.00    0.00    0.00   99.01    0.00    0.00    0.00    0.99
04:54:04 PM    2    2.41    0.00   13.25    0.00    0.00    1.20    0.00    0.00    0.00   83.13
04:54:04 PM    3    4.55    0.00   17.05    0.00    0.00    0.00    0.00    0.00    0.00   78.41
04:54:04 PM    4    5.68    0.00   18.18    0.00    0.00    1.14    0.00    0.00    0.00   75.00
04:54:04 PM    5    4.60    0.00   12.64    0.00    0.00    1.15    0.00    0.00    0.00   81.61
04:54:04 PM    6    2.35    0.00   11.76    0.00    0.00    0.00    0.00    0.00    0.00   85.88
04:54:04 PM    7    2.30    0.00   11.49    0.00    0.00    0.00    0.00    0.00    0.00   86.21
04:54:04 PM    8  100.00    0.00    0.00    0.00    0.00    0.00    0.00    0.00    0.00    0.00
04:54:04 PM    9    2.04    0.00   11.22    0.00    0.00    0.00    0.00    0.00    0.00   86.73
04:54:04 PM   10    1.02    0.00    9.18    0.00    0.00    0.00    0.00    0.00    0.00   89.80
04:54:04 PM   11    0.00    0.00    2.00    0.00    0.00    0.00    0.00    0.00    0.00   98.00
04:54:04 PM   12    1.00    0.00    5.00    0.00    0.00    0.00    0.00    0.00    0.00   94.00
04:54:04 PM   13    1.00    0.00    8.00    0.00    0.00    0.00    0.00    0.00    0.00   91.00
04:54:04 PM   14    0.00    0.00    1.98    0.00    0.00    0.00    0.00    0.00    0.00   98.02
04:54:04 PM   15    0.00    0.00    1.00    0.00    0.00    0.00    0.00    0.00    0.00   99.00
04:54:04 PM   16    2.15    0.00   13.98    0.00    0.00    1.08    0.00    0.00    0.00   82.80
04:54:04 PM   17    2.08    0.00   17.71    0.00    0.00    0.00    0.00    0.00    0.00   80.21
04:54:04 PM   18    3.19    0.00   14.89    0.00    0.00    0.00    0.00    0.00    0.00   81.91
04:54:04 PM   19    0.99    0.00    4.95    0.00    0.00    0.99    0.00    0.00    0.00   93.07
04:54:04 PM   20    0.00    0.00    7.07    0.00    0.00    0.00    0.00    0.00    0.00   92.93
04:54:04 PM   21    0.00    0.00    1.01    0.00    0.00    0.00    0.00    0.00    0.00   98.99
04:54:04 PM   22    1.18    0.00    3.53    0.00    0.00   11.76    0.00    0.00    0.00   83.53
04:54:04 PM   23    1.05    0.00    5.26    0.00    0.00   17.89    0.00    0.00    0.00   75.79
04:54:04 PM   24    0.00    0.00    0.00    0.00    0.00    8.00    0.00    0.00    0.00   92.00
04:54:04 PM   25    0.00    0.00    0.00    0.00    0.00   10.59    0.00    0.00    0.00   89.41
04:54:04 PM   26    0.00    0.00    0.00    0.00    0.00    0.00    0.00    0.00    0.00  100.00
04:54:04 PM   27    2.04    0.00   11.22    0.00    0.00    1.02    0.00    0.00    0.00   85.71
04:54:04 PM   28    1.96    0.00    3.92    0.00    0.00    0.98    0.00    0.00    0.00   93.14
04:54:04 PM   29    2.02    0.00    7.07    0.00    0.00    0.00    0.00    0.00    0.00   90.91
04:54:04 PM   30    0.00    0.00    0.00    0.00    0.00    0.00    0.00    0.00    0.00  100.00
04:54:04 PM   31    0.00    0.00    0.00    0.00    0.00    0.00    0.00    0.00    0.00  100.00

04:54:04 PM  CPU    %usr   %nice    %sys %iowait    %irq   %soft  %steal  %guest  %gnice   %idle
04:54:05 PM  all    4.53    0.00    6.55    0.00    0.00    4.79    0.00    0.00    0.00   84.13
04:54:05 PM    0    0.00    0.00    1.02    0.00    0.00    0.00    0.00    0.00    0.00   98.98
04:54:05 PM    1    0.00    0.00    0.00    0.00    0.00  100.00    0.00    0.00    0.00    0.00
04:54:05 PM    2    2.41    0.00   15.66    0.00    0.00    1.20    0.00    0.00    0.00   80.72
04:54:05 PM    3    3.61    0.00   13.25    0.00    0.00    0.00    0.00    0.00    0.00   83.13
04:54:05 PM    4    2.35    0.00   15.29    0.00    0.00    1.18    0.00    0.00    0.00   81.18
04:54:05 PM    5    3.49    0.00   13.95    0.00    0.00    0.00    0.00    0.00    0.00   82.56
04:54:05 PM    6    3.41    0.00   12.50    0.00    0.00    0.00    0.00    0.00    0.00   84.09
04:54:05 PM    7    2.30    0.00   10.34    0.00    0.00    0.00    0.00    0.00    0.00   87.36
04:54:05 PM    8  100.00    0.00    0.00    0.00    0.00    0.00    0.00    0.00    0.00    0.00
04:54:05 PM    9    2.06    0.00   12.37    0.00    0.00    0.00    0.00    0.00    0.00   85.57
04:54:05 PM   10    2.04    0.00   11.22    0.00    0.00    0.00    0.00    0.00    0.00   86.73
04:54:05 PM   11    1.00    0.00    4.00    0.00    0.00    1.00    0.00    0.00    0.00   94.00
04:54:05 PM   12    1.02    0.00    4.08    0.00    0.00    0.00    0.00    0.00    0.00   94.90
04:54:05 PM   13    0.00    0.00    0.00    0.00    0.00    0.00    0.00    0.00    0.00  100.00
04:54:05 PM   14    0.00    0.00    0.00    0.00    0.00    0.00    0.00    0.00    0.00  100.00
04:54:05 PM   15    0.00    0.00    1.00    0.00    0.00    0.00    0.00    0.00    0.00   99.00
04:54:05 PM   16    4.08    0.00   21.43    0.00    0.00    1.02    0.00    0.00    0.00   73.47
04:54:05 PM   17    2.02    0.00   20.20    0.00    0.00    1.01    0.00    0.00    0.00   76.77
04:54:05 PM   18    2.00    0.00   16.00    0.00    0.00    1.00    0.00    0.00    0.00   81.00
04:54:05 PM   19    0.00    0.00    2.02    0.00    0.00    0.00    0.00    0.00    0.00   97.98
04:54:05 PM   20    2.13    0.00    6.38    0.00    0.00    0.00    0.00    0.00    0.00   91.49
04:54:05 PM   21    0.00    0.00    1.00    0.00    0.00    0.00    0.00    0.00    0.00   99.00
04:54:05 PM   22    0.00    0.00    3.37    0.00    0.00   13.48    0.00    0.00    0.00   83.15
04:54:05 PM   23    1.06    0.00    2.13    0.00    0.00   19.15    0.00    0.00    0.00   77.66
04:54:05 PM   24    0.00    0.00    0.00    0.00    0.00    5.41    0.00    0.00    0.00   94.59
04:54:05 PM   25    0.00    0.00    0.00    0.00    0.00    7.32    0.00    0.00    0.00   92.68
04:54:05 PM   26    0.00    0.00    0.00    0.00    0.00    0.00    0.00    0.00    0.00  100.00
04:54:05 PM   27    3.03    0.00   12.12    0.00    0.00    0.00    0.00    0.00    0.00   84.85
04:54:05 PM   28    0.00    0.00    0.00    0.00    0.00    0.00    0.00    0.00    0.00  100.00
04:54:05 PM   29    2.04    0.00    8.16    0.00    0.00    0.00    0.00    0.00    0.00   89.80
04:54:05 PM   30    0.00    0.00    5.05    0.00    0.00    0.00    0.00    0.00    0.00   94.95
04:54:05 PM   31    0.00    0.00    0.00    0.00    0.00    0.00    0.00    0.00    0.00  100.00

04:54:05 PM  CPU    %usr   %nice    %sys %iowait    %irq   %soft  %steal  %guest  %gnice   %idle
04:54:06 PM  all    4.69    0.00    6.47    0.00    0.00    4.65    0.00    0.00    0.00   84.19
04:54:06 PM    0    0.00    0.00    1.03    0.00    0.00    0.00    0.00    0.00    0.00   98.97
04:54:06 PM    1    0.00    0.00    0.00    0.00    0.00   99.00    0.00    0.00    0.00    1.00
04:54:06 PM    2    3.57    0.00   13.10    0.00    0.00    0.00    0.00    0.00    0.00   83.33
04:54:06 PM    3    4.55    0.00   13.64    0.00    0.00    0.00    0.00    0.00    0.00   81.82
04:54:06 PM    4    4.65    0.00   15.12    0.00    0.00    0.00    0.00    0.00    0.00   80.23
04:54:06 PM    5    3.49    0.00   13.95    0.00    0.00    0.00    0.00    0.00    0.00   82.56
04:54:06 PM    6    3.49    0.00   10.47    0.00    0.00    0.00    0.00    0.00    0.00   86.05
04:54:06 PM    7    2.27    0.00   11.36    0.00    0.00    0.00    0.00    0.00    0.00   86.36
04:54:06 PM    8  100.00    0.00    0.00    0.00    0.00    0.00    0.00    0.00    0.00    0.00
04:54:06 PM    9    2.00    0.00   13.00    0.00    0.00    0.00    0.00    0.00    0.00   85.00
04:54:06 PM   10    2.02    0.00   10.10    0.00    0.00    0.00    0.00    0.00    0.00   87.88
04:54:06 PM   11    2.02    0.00    7.07    0.00    0.00    0.00    0.00    0.00    0.00   90.91
04:54:06 PM   12    1.00    0.00    3.00    0.00    0.00    0.00    0.00    0.00    0.00   96.00
04:54:06 PM   13    0.00    0.00    0.00    0.00    0.00    0.00    0.00    0.00    0.00  100.00
04:54:06 PM   14    0.00    0.00    2.00    0.00    0.00    0.00    0.00    0.00    0.00   98.00
04:54:06 PM   15    1.01    0.00    4.04    0.00    0.00    0.00    0.00    0.00    0.00   94.95
04:54:06 PM   16    3.19    0.00   19.15    0.00    0.00    1.06    0.00    0.00    0.00   76.60
04:54:06 PM   17    4.04    0.00   19.19    0.00    0.00    0.00    0.00    0.00    0.00   76.77
04:54:06 PM   18    2.13    0.00   13.83    0.00    0.00    0.00    0.00    0.00    0.00   84.04
04:54:06 PM   19    1.01    0.00    2.02    0.00    0.00    0.00    0.00    0.00    0.00   96.97
04:54:06 PM   20    2.15    0.00    7.53    0.00    0.00    0.00    0.00    0.00    0.00   90.32
04:54:06 PM   21    0.00    0.00    0.00    0.00    0.00    0.00    0.00    0.00    0.00  100.00
04:54:06 PM   22    1.18    0.00    1.18    0.00    0.00   10.59    0.00    0.00    0.00   87.06
04:54:06 PM   23    0.00    0.00    4.26    0.00    0.00   19.15    0.00    0.00    0.00   76.60
04:54:06 PM   24    0.00    0.00    0.00    0.00    0.00    5.19    0.00    0.00    0.00   94.81
04:54:06 PM   25    0.00    0.00    1.19    0.00    0.00   11.90    0.00    0.00    0.00   86.90
04:54:06 PM   26    0.00    0.00    0.00    0.00    0.00    0.00    0.00    0.00    0.00  100.00
04:54:06 PM   27    1.00    0.00   11.00    0.00    0.00    0.00    0.00    0.00    0.00   88.00
04:54:06 PM   28    0.00    0.00    3.00    0.00    0.00    0.00    0.00    0.00    0.00   97.00
04:54:06 PM   29    1.01    0.00   10.10    0.00    0.00    0.00    0.00    0.00    0.00   88.89
04:54:06 PM   30    0.00    0.00    0.00    0.00    0.00    0.00    0.00    0.00    0.00  100.00
04:54:06 PM   31    0.00    0.00    0.00    0.00    0.00    0.00    0.00    0.00    0.00  100.00

04:54:06 PM  CPU    %usr   %nice    %sys %iowait    %irq   %soft  %steal  %guest  %gnice   %idle
04:54:07 PM  all    4.88    0.00    6.73    0.00    0.00    4.71    0.00    0.00    0.00   83.68
04:54:07 PM    0    0.00    0.00    1.01    0.00    0.00    1.01    0.00    0.00    0.00   97.98
04:54:07 PM    1    0.00    0.00    0.00    0.00    0.00  100.00    0.00    0.00    0.00    0.00
04:54:07 PM    2    4.60    0.00   13.79    0.00    0.00    0.00    0.00    0.00    0.00   81.61
04:54:07 PM    3    3.45    0.00   16.09    0.00    0.00    1.15    0.00    0.00    0.00   79.31
04:54:07 PM    4    4.44    0.00   16.67    0.00    0.00    1.11    0.00    0.00    0.00   77.78
04:54:07 PM    5    2.33    0.00   10.47    0.00    0.00    0.00    0.00    0.00    0.00   87.21
04:54:07 PM    6    3.37    0.00   12.36    0.00    0.00    0.00    0.00    0.00    0.00   84.27
04:54:07 PM    7    3.37    0.00   13.48    0.00    0.00    0.00    0.00    0.00    0.00   83.15
04:54:07 PM    8  100.00    0.00    0.00    0.00    0.00    0.00    0.00    0.00    0.00    0.00
04:54:07 PM    9    2.02    0.00   12.12    0.00    0.00    1.01    0.00    0.00    0.00   84.85
04:54:07 PM   10    2.00    0.00   11.00    0.00    0.00    0.00    0.00    0.00    0.00   87.00
04:54:07 PM   11    0.00    0.00    4.00    0.00    0.00    0.00    0.00    0.00    0.00   96.00
04:54:07 PM   12    1.00    0.00    3.00    0.00    0.00    0.00    0.00    0.00    0.00   96.00
04:54:07 PM   13    1.01    0.00    5.05    0.00    0.00    0.00    0.00    0.00    0.00   93.94
04:54:07 PM   14    0.99    0.00    2.97    0.00    0.00    0.00    0.00    0.00    0.00   96.04
04:54:07 PM   15    0.00    0.00    1.01    0.00    0.00    0.00    0.00    0.00    0.00   98.99
04:54:07 PM   16    4.21    0.00   16.84    0.00    0.00    0.00    0.00    0.00    0.00   78.95
04:54:07 PM   17    3.09    0.00   17.53    0.00    0.00    0.00    0.00    0.00    0.00   79.38
04:54:07 PM   18    4.04    0.00   16.16    0.00    0.00    0.00    0.00    0.00    0.00   79.80
04:54:07 PM   19    1.02    0.00    4.08    0.00    0.00    0.00    0.00    0.00    0.00   94.90
04:54:07 PM   20    4.71    0.00   14.12    0.00    0.00    0.00    0.00    0.00    0.00   81.18
04:54:07 PM   21    0.99    0.00    0.00    0.00    0.00    0.00    0.00    0.00    0.00   99.01
04:54:07 PM   22    0.00    0.00    2.35    0.00    0.00   10.59    0.00    0.00    0.00   87.06
04:54:07 PM   23    1.08    0.00    2.15    0.00    0.00   17.20    0.00    0.00    0.00   79.57
04:54:07 PM   24    0.00    0.00    0.00    0.00    0.00    6.41    0.00    0.00    0.00   93.59
04:54:07 PM   25    0.00    0.00    0.00    0.00    0.00   10.13    0.00    0.00    0.00   89.87
04:54:07 PM   26    0.00    0.00    0.00    0.00    0.00    0.00    0.00    0.00    0.00  100.00
04:54:07 PM   27    2.02    0.00   10.10    0.00    0.00    1.01    0.00    0.00    0.00   86.87
04:54:07 PM   28    0.00    0.00    0.00    0.00    0.00    0.00    0.00    0.00    0.00  100.00
04:54:07 PM   29    2.00    0.00   12.00    0.00    0.00    0.00    0.00    0.00    0.00   86.00
04:54:07 PM   30    0.00    0.00    0.00    0.00    0.00    0.00    0.00    0.00    0.00  100.00
04:54:07 PM   31    0.00    0.00    0.00    0.00    0.00    0.00    0.00    0.00    0.00  100.00

04:54:07 PM  CPU    %usr   %nice    %sys %iowait    %irq   %soft  %steal  %guest  %gnice   %idle
04:54:08 PM  all    4.75    0.00    6.00    0.00    0.00    4.68    0.00    0.00    0.00   84.56
04:54:08 PM    0    1.04    0.00    1.04    0.00    0.00    0.00    0.00    0.00    0.00   97.92
04:54:08 PM    1    0.00    0.00    0.00    0.00    0.00   99.00    0.00    0.00    0.00    1.00
04:54:08 PM    2    4.65    0.00   15.12    0.00    0.00    1.16    0.00    0.00    0.00   79.07
04:54:08 PM    3    4.71    0.00   11.76    0.00    0.00    0.00    0.00    0.00    0.00   83.53
04:54:08 PM    4    3.57    0.00   13.10    0.00    0.00    0.00    0.00    0.00    0.00   83.33
04:54:08 PM    5    3.49    0.00   15.12    0.00    0.00    1.16    0.00    0.00    0.00   80.23
04:54:08 PM    6    2.33    0.00   11.63    0.00    0.00    0.00    0.00    0.00    0.00   86.05
04:54:08 PM    7    2.20    0.00    8.79    0.00    0.00    1.10    0.00    0.00    0.00   87.91
04:54:08 PM    8  100.00    0.00    0.00    0.00    0.00    0.00    0.00    0.00    0.00    0.00
04:54:08 PM    9    0.00    0.00    0.00    0.00    0.00    0.00    0.00    0.00    0.00  100.00
04:54:08 PM   10    1.01    0.00    7.07    0.00    0.00    1.01    0.00    0.00    0.00   90.91
04:54:08 PM   11    2.02    0.00    5.05    0.00    0.00    0.00    0.00    0.00    0.00   92.93
04:54:08 PM   12    1.01    0.00    8.08    0.00    0.00    0.00    0.00    0.00    0.00   90.91
04:54:08 PM   13    1.01    0.00    7.07    0.00    0.00    0.00    0.00    0.00    0.00   91.92
04:54:08 PM   14    0.00    0.00    3.03    0.00    0.00    0.00    0.00    0.00    0.00   96.97
04:54:08 PM   15    0.99    0.00    3.96    0.00    0.00    0.99    0.00    0.00    0.00   94.06
04:54:08 PM   16    4.21    0.00   18.95    0.00    0.00    1.05    0.00    0.00    0.00   75.79
04:54:08 PM   17    3.06    0.00   18.37    0.00    0.00    1.02    0.00    0.00    0.00   77.55
04:54:08 PM   18    3.16    0.00   11.58    0.00    0.00    0.00    0.00    0.00    0.00   85.26
04:54:08 PM   19    1.02    0.00    0.00    0.00    0.00    0.00    0.00    0.00    0.00   98.98
04:54:08 PM   20    0.00    0.00    2.00    0.00    0.00    0.00    0.00    0.00    0.00   98.00
04:54:08 PM   21    0.00    0.00    0.00    0.00    0.00    0.00    0.00    0.00    0.00  100.00
04:54:08 PM   22    1.16    0.00    2.33    0.00    0.00   10.47    0.00    0.00    0.00   86.05
04:54:08 PM   23    1.04    0.00    3.12    0.00    0.00   17.71    0.00    0.00    0.00   78.12
04:54:08 PM   24    0.00    0.00    0.00    0.00    0.00    5.19    0.00    0.00    0.00   94.81
04:54:08 PM   25    1.18    0.00    1.18    0.00    0.00    7.06    0.00    0.00    0.00   90.59
04:54:08 PM   26    1.02    0.00    8.16    0.00    0.00    0.00    0.00    0.00    0.00   90.82
04:54:08 PM   27    2.04    0.00   10.20    0.00    0.00    0.00    0.00    0.00    0.00   87.76
04:54:08 PM   28    0.00    0.00    0.00    0.00    0.00    0.00    0.00    0.00    0.00  100.00
04:54:08 PM   29    2.08    0.00    9.38    0.00    0.00    0.00    0.00    0.00    0.00   88.54
04:54:08 PM   30    0.00    0.00    0.00    0.00    0.00    0.00    0.00    0.00    0.00  100.00
04:54:08 PM   31    0.00    0.00    0.00    0.00    0.00    0.00    0.00    0.00    0.00  100.00

Average:     CPU    %usr   %nice    %sys %iowait    %irq   %soft  %steal  %guest  %gnice   %idle
Average:     all    4.70    0.00    6.63    0.00    0.00    5.04    0.00    0.00    0.00   83.62
Average:       0    0.72    0.00    2.86    0.00    0.00    0.41    0.00    0.00    0.00   96.02
Average:       1    0.00    0.00    0.00    0.00    0.00   99.50    0.00    0.00    0.00    0.50
Average:       2    3.62    0.00   14.60    0.00    0.00    0.58    0.00    0.00    0.00   81.19
Average:       3    3.84    0.00   13.26    0.00    0.00    0.35    0.00    0.00    0.00   82.56
Average:       4    4.16    0.00   15.24    0.00    0.00    0.46    0.00    0.00    0.00   80.14
Average:       5    3.47    0.00   12.96    0.00    0.00    0.23    0.00    0.00    0.00   83.33
Average:       6    3.01    0.00   11.94    0.00    0.00    0.12    0.00    0.00    0.00   84.94
Average:       7    2.76    0.00   10.92    0.00    0.00    0.23    0.00    0.00    0.00   86.09
Average:       8  100.00    0.00    0.00    0.00    0.00    0.00    0.00    0.00    0.00    0.00
Average:       9    1.83    0.00   12.08    0.00    0.00    0.51    0.00    0.00    0.00   85.58
Average:      10    1.11    0.00    7.46    0.00    0.00    0.20    0.00    0.00    0.00   91.23
Average:      11    1.01    0.00    5.85    0.00    0.00    0.10    0.00    0.00    0.00   93.04
Average:      12    0.50    0.00    2.81    0.00    0.00    0.10    0.00    0.00    0.00   96.59
Average:      13    1.51    0.00    8.65    0.00    0.00    0.20    0.00    0.00    0.00   89.64
Average:      14    0.50    0.00    3.50    0.00    0.00    0.10    0.00    0.00    0.00   95.90
Average:      15    0.30    0.00    1.90    0.00    0.00    0.10    0.00    0.00    0.00   97.70
Average:      16    3.61    0.00   16.67    0.00    0.00    0.74    0.00    0.00    0.00   78.98
Average:      17    2.08    0.00   11.67    0.00    0.00    0.21    0.00    0.00    0.00   86.04
Average:      18    3.14    0.00   16.32    0.00    0.00    0.42    0.00    0.00    0.00   80.13
Average:      19    1.22    0.00    5.58    0.00    0.00    0.20    0.00    0.00    0.00   92.99
Average:      20    2.43    0.00   11.60    0.00    0.00    0.32    0.00    0.00    0.00   85.65
Average:      21    0.30    0.00    2.31    0.00    0.00    0.10    0.00    0.00    0.00   97.28
Average:      22    0.46    0.00    2.18    0.00    0.00   13.97    0.00    0.00    0.00   83.39
Average:      23    0.75    0.00    3.44    0.00    0.00   18.05    0.00    0.00    0.00   77.77
Average:      24    0.49    0.00    2.92    0.00    0.00   14.48    0.00    0.00    0.00   82.12
Average:      25    0.37    0.00    1.73    0.00    0.00    8.54    0.00    0.00    0.00   89.36
Average:      26    0.30    0.00    2.30    0.00    0.00    0.00    0.00    0.00    0.00   97.40
Average:      27    1.62    0.00    9.31    0.00    0.00    0.30    0.00    0.00    0.00   88.77
Average:      28    0.20    0.00    1.10    0.00    0.00    0.10    0.00    0.00    0.00   98.60
Average:      29    0.91    0.00    4.64    0.00    0.00    0.00    0.00    0.00    0.00   94.46
Average:      30    0.10    0.00    0.70    0.00    0.00    0.00    0.00    0.00    0.00   99.20
Average:      31    0.00    0.00    0.10    0.00    0.00    0.00    0.00    0.00    0.00   99.90
