Linux 7.0.0-22-generic (ms-a2-gateway) 	06/07/2026 	_x86_64_	(32 CPU)

04:41:44 PM  CPU    %usr   %nice    %sys %iowait    %irq   %soft  %steal  %guest  %gnice   %idle
04:41:45 PM  all    1.34    0.00    7.33    0.00    0.00    6.38    0.00    0.00    0.00   84.95
04:41:45 PM    0    2.06    0.00   13.40    0.00    0.00    1.03    0.00    0.00    0.00   83.51
04:41:45 PM    1    0.00    0.00    0.00    0.00    0.00   99.01    0.00    0.00    0.00    0.99
04:41:45 PM    2    3.41    0.00   22.73    0.00    0.00    2.27    0.00    0.00    0.00   71.59
04:41:45 PM    3    3.49    0.00   16.28    0.00    0.00    0.00    0.00    0.00    0.00   80.23
04:41:45 PM    4    3.45    0.00   16.09    0.00    0.00    0.00    0.00    0.00    0.00   80.46
04:41:45 PM    5    3.45    0.00   14.94    0.00    0.00    0.00    0.00    0.00    0.00   81.61
04:41:45 PM    6    3.45    0.00   17.24    0.00    0.00    1.15    0.00    0.00    0.00   78.16
04:41:45 PM    7    2.30    0.00   14.94    0.00    0.00    0.00    0.00    0.00    0.00   82.76
04:41:45 PM    8    0.00    0.00    0.00    0.00    0.00    0.00    0.00    0.00    0.00  100.00
04:41:45 PM    9    0.00    0.00    0.00    0.00    0.00    0.00    0.00    0.00    0.00  100.00
04:41:45 PM   10    0.00    0.00    0.00    0.00    0.00    0.00    0.00    0.00    0.00  100.00
04:41:45 PM   11    0.00    0.00    0.99    0.00    0.00    0.00    0.00    0.00    0.00   99.01
04:41:45 PM   12    0.00    0.00    0.00    0.00    0.00    0.00    0.00    0.00    0.00  100.00
04:41:45 PM   13    0.00    0.00    0.00    0.00    0.00    0.00    0.00    0.00    0.00  100.00
04:41:45 PM   14    0.00    0.00    0.00    0.00    0.00    0.00    0.00    0.00    0.00  100.00
04:41:45 PM   15    0.00    0.00    0.00    0.00    0.00    0.00    0.00    0.00    0.00  100.00
04:41:45 PM   16    2.15    0.00   17.20    0.00    0.00    2.15    0.00    0.00    0.00   78.49
04:41:45 PM   17    1.03    0.00   11.34    0.00    0.00    1.03    0.00    0.00    0.00   86.60
04:41:45 PM   18    3.37    0.00   16.85    0.00    0.00    0.00    0.00    0.00    0.00   79.78
04:41:45 PM   19    1.05    0.00   13.68    0.00    0.00    1.05    0.00    0.00    0.00   84.21
04:41:45 PM   20    3.12    0.00   19.79    0.00    0.00    1.04    0.00    0.00    0.00   76.04
04:41:45 PM   21    3.00    0.00   20.00    0.00    0.00    2.00    0.00    0.00    0.00   75.00
04:41:45 PM   22    2.17    0.00    7.61    0.00    0.00   20.65    0.00    0.00    0.00   69.57
04:41:45 PM   23    2.11    0.00    9.47    0.00    0.00   20.00    0.00    0.00    0.00   68.42
04:41:45 PM   24    2.13    0.00    7.45    0.00    0.00   27.66    0.00    0.00    0.00   62.77
04:41:45 PM   25    1.16    0.00    2.33    0.00    0.00   22.09    0.00    0.00    0.00   74.42
04:41:45 PM   26    1.00    0.00    1.00    0.00    0.00    0.00    0.00    0.00    0.00   98.00
04:41:45 PM   27    0.00    0.00    1.00    0.00    0.00    1.00    0.00    0.00    0.00   98.00
04:41:45 PM   28    0.99    0.00    0.00    0.00    0.00    0.00    0.00    0.00    0.00   99.01
04:41:45 PM   29    0.00    0.00    0.00    0.00    0.00    0.00    0.00    0.00    0.00  100.00
04:41:45 PM   30    0.00    0.00    0.00    0.00    0.00    0.00    0.00    0.00    0.00  100.00
04:41:45 PM   31    0.00    0.00    0.00    0.00    0.00    0.00    0.00    0.00    0.00  100.00

04:41:45 PM  CPU    %usr   %nice    %sys %iowait    %irq   %soft  %steal  %guest  %gnice   %idle
04:41:46 PM  all    1.19    0.00    6.90    0.00    0.00    5.91    0.00    0.00    0.00   86.00
04:41:46 PM    0    1.03    0.00    8.25    0.00    0.00    0.00    0.00    0.00    0.00   90.72
04:41:46 PM    1    0.00    0.00    0.00    0.00    0.00  100.00    0.00    0.00    0.00    0.00
04:41:46 PM    2    3.49    0.00   18.60    0.00    0.00    1.16    0.00    0.00    0.00   76.74
04:41:46 PM    3    2.41    0.00   15.66    0.00    0.00    0.00    0.00    0.00    0.00   81.93
04:41:46 PM    4    4.71    0.00   15.29    0.00    0.00    1.18    0.00    0.00    0.00   78.82
04:41:46 PM    5    4.60    0.00   14.94    0.00    0.00    0.00    0.00    0.00    0.00   80.46
04:41:46 PM    6    3.66    0.00   13.41    0.00    0.00    0.00    0.00    0.00    0.00   82.93
04:41:46 PM    7    2.30    0.00   17.24    0.00    0.00    2.30    0.00    0.00    0.00   78.16
04:41:46 PM    8    0.00    0.00    0.00    0.00    0.00    0.00    0.00    0.00    0.00  100.00
04:41:46 PM    9    0.00    0.00    0.00    0.00    0.00    0.00    0.00    0.00    0.00  100.00
04:41:46 PM   10    0.00    0.00    0.00    0.00    0.00    0.00    0.00    0.00    0.00  100.00
04:41:46 PM   11    0.00    0.00    0.00    0.00    0.00    0.00    0.00    0.00    0.00  100.00
04:41:46 PM   12    0.00    0.00    0.00    0.00    0.00    0.00    0.00    0.00    0.00  100.00
04:41:46 PM   13    0.00    0.00    0.00    0.00    0.00    0.00    0.00    0.00    0.00  100.00
04:41:46 PM   14    0.00    0.00    0.00    0.00    0.00    0.00    0.00    0.00    0.00  100.00
04:41:46 PM   15    0.00    0.00    0.00    0.00    0.00    0.00    0.00    0.00    0.00  100.00
04:41:46 PM   16    3.19    0.00   23.40    0.00    0.00    1.06    0.00    0.00    0.00   72.34
04:41:46 PM   17    2.06    0.00   14.43    0.00    0.00    0.00    0.00    0.00    0.00   83.51
04:41:46 PM   18    1.09    0.00   19.57    0.00    0.00    1.09    0.00    0.00    0.00   78.26
04:41:46 PM   19    3.23    0.00   13.98    0.00    0.00    0.00    0.00    0.00    0.00   82.80
04:41:46 PM   20    3.09    0.00   18.56    0.00    0.00    1.03    0.00    0.00    0.00   77.32
04:41:46 PM   21    1.04    0.00   15.62    0.00    0.00    0.00    0.00    0.00    0.00   83.33
04:41:46 PM   22    1.05    0.00    5.26    0.00    0.00   22.11    0.00    0.00    0.00   71.58
04:41:46 PM   23    1.10    0.00    9.89    0.00    0.00   17.58    0.00    0.00    0.00   71.43
04:41:46 PM   24    2.22    0.00    6.67    0.00    0.00   25.56    0.00    0.00    0.00   65.56
04:41:46 PM   25    0.00    0.00    0.00    0.00    0.00   15.58    0.00    0.00    0.00   84.42
04:41:46 PM   26    0.00    0.00    0.00    0.00    0.00    0.00    0.00    0.00    0.00  100.00
04:41:46 PM   27    0.00    0.00    0.00    0.00    0.00    0.00    0.00    0.00    0.00  100.00
04:41:46 PM   28    0.00    0.00    0.00    0.00    0.00    0.00    0.00    0.00    0.00  100.00
04:41:46 PM   29    0.00    0.00    0.00    0.00    0.00    0.00    0.00    0.00    0.00  100.00
04:41:46 PM   30    0.00    0.00    0.00    0.00    0.00    0.00    0.00    0.00    0.00  100.00
04:41:46 PM   31    0.00    0.00    0.00    0.00    0.00    0.00    0.00    0.00    0.00  100.00

04:41:46 PM  CPU    %usr   %nice    %sys %iowait    %irq   %soft  %steal  %guest  %gnice   %idle
04:41:47 PM  all    1.18    0.00    6.77    0.00    0.00    5.98    0.00    0.00    0.00   86.06
04:41:47 PM    0    1.04    0.00    6.25    0.00    0.00    0.00    0.00    0.00    0.00   92.71
04:41:47 PM    1    0.00    0.00    0.00    0.00    0.00  100.00    0.00    0.00    0.00    0.00
04:41:47 PM    2    3.53    0.00   18.82    0.00    0.00    0.00    0.00    0.00    0.00   77.65
04:41:47 PM    3    3.49    0.00   15.12    0.00    0.00    1.16    0.00    0.00    0.00   80.23
04:41:47 PM    4    3.53    0.00   12.94    0.00    0.00    0.00    0.00    0.00    0.00   83.53
04:41:47 PM    5    2.35    0.00   15.29    0.00    0.00    0.00    0.00    0.00    0.00   82.35
04:41:47 PM    6    3.45    0.00   17.24    0.00    0.00    1.15    0.00    0.00    0.00   78.16
04:41:47 PM    7    2.25    0.00   16.85    0.00    0.00    1.12    0.00    0.00    0.00   79.78
04:41:47 PM    8    0.00    0.00    0.99    0.00    0.00    0.00    0.00    0.00    0.00   99.01
04:41:47 PM    9    0.00    0.00    0.99    0.00    0.00    0.00    0.00    0.00    0.00   99.01
04:41:47 PM   10    0.00    0.00    0.00    0.00    0.00    0.00    0.00    0.00    0.00  100.00
04:41:47 PM   11    0.00    0.00    0.00    0.00    0.00    0.00    0.00    0.00    0.00  100.00
04:41:47 PM   12    0.00    0.00    0.00    0.00    0.00    0.00    0.00    0.00    0.00  100.00
04:41:47 PM   13    0.00    0.00    0.00    0.00    0.00    0.00    0.00    0.00    0.00  100.00
04:41:47 PM   14    0.00    0.00    0.00    0.00    0.00    0.00    0.00    0.00    0.00  100.00
04:41:47 PM   15    0.00    0.00    0.00    0.00    0.00    0.00    0.00    0.00    0.00  100.00
04:41:47 PM   16    2.17    0.00   18.48    0.00    0.00    1.09    0.00    0.00    0.00   78.26
04:41:47 PM   17    2.08    0.00   14.58    0.00    0.00    1.04    0.00    0.00    0.00   82.29
04:41:47 PM   18    3.41    0.00   15.91    0.00    0.00    1.14    0.00    0.00    0.00   79.55
04:41:47 PM   19    2.08    0.00   16.67    0.00    0.00    1.04    0.00    0.00    0.00   80.21
04:41:47 PM   20    3.09    0.00   14.43    0.00    0.00    0.00    0.00    0.00    0.00   82.47
04:41:47 PM   21    1.04    0.00    9.38    0.00    0.00    1.04    0.00    0.00    0.00   88.54
04:41:47 PM   22    1.06    0.00    6.38    0.00    0.00   21.28    0.00    0.00    0.00   71.28
04:41:47 PM   23    1.12    0.00    6.74    0.00    0.00   14.61    0.00    0.00    0.00   77.53
04:41:47 PM   24    3.09    0.00   16.49    0.00    0.00   24.74    0.00    0.00    0.00   55.67
04:41:47 PM   25    0.00    0.00    0.00    0.00    0.00   20.73    0.00    0.00    0.00   79.27
04:41:47 PM   26    0.00    0.00    1.00    0.00    0.00    0.00    0.00    0.00    0.00   99.00
04:41:47 PM   27    1.00    0.00    1.00    0.00    0.00    0.00    0.00    0.00    0.00   98.00
04:41:47 PM   28    0.00    0.00    1.00    0.00    0.00    0.00    0.00    0.00    0.00   99.00
04:41:47 PM   29    0.00    0.00    0.00    0.00    0.00    0.00    0.00    0.00    0.00  100.00
04:41:47 PM   30    0.00    0.00    0.00    0.00    0.00    0.00    0.00    0.00    0.00  100.00
04:41:47 PM   31    0.00    0.00    0.00    0.00    0.00    0.00    0.00    0.00    0.00  100.00

04:41:47 PM  CPU    %usr   %nice    %sys %iowait    %irq   %soft  %steal  %guest  %gnice   %idle
04:41:48 PM  all    1.09    0.00    6.61    0.00    0.00    5.72    0.00    0.00    0.00   86.58
04:41:48 PM    0    1.04    0.00   11.46    0.00    0.00    1.04    0.00    0.00    0.00   86.46
04:41:48 PM    1    0.00    0.00    0.00    0.00    0.00   99.00    0.00    0.00    0.00    1.00
04:41:48 PM    2    3.41    0.00   13.64    0.00    0.00    1.14    0.00    0.00    0.00   81.82
04:41:48 PM    3    2.30    0.00   16.09    0.00    0.00    0.00    0.00    0.00    0.00   81.61
04:41:48 PM    4    3.41    0.00   12.50    0.00    0.00    1.14    0.00    0.00    0.00   82.95
04:41:48 PM    5    2.27    0.00   12.50    0.00    0.00    1.14    0.00    0.00    0.00   84.09
04:41:48 PM    6    2.25    0.00   13.48    0.00    0.00    1.12    0.00    0.00    0.00   83.15
04:41:48 PM    7    2.27    0.00   14.77    0.00    0.00    1.14    0.00    0.00    0.00   81.82
04:41:48 PM    8    0.00    0.00    0.00    0.00    0.00    0.00    0.00    0.00    0.00  100.00
04:41:48 PM    9    0.00    0.00    0.00    0.00    0.00    0.00    0.00    0.00    0.00  100.00
04:41:48 PM   10    0.00    0.00    0.00    0.00    0.00    0.00    0.00    0.00    0.00  100.00
04:41:48 PM   11    0.00    0.00    0.00    0.00    0.00    0.00    0.00    0.00    0.00  100.00
04:41:48 PM   12    0.00    0.00    0.00    0.00    0.00    0.00    0.00    0.00    0.00  100.00
04:41:48 PM   13    0.00    0.00    1.00    0.00    0.00    0.00    0.00    0.00    0.00   99.00
04:41:48 PM   14    0.00    0.00    0.00    0.00    0.00    0.00    0.00    0.00    0.00  100.00
04:41:48 PM   15    0.00    0.00    0.00    0.00    0.00    0.00    0.00    0.00    0.00  100.00
04:41:48 PM   16    3.26    0.00   16.30    0.00    0.00    1.09    0.00    0.00    0.00   79.35
04:41:48 PM   17    2.20    0.00   13.19    0.00    0.00    0.00    0.00    0.00    0.00   84.62
04:41:48 PM   18    3.26    0.00   20.65    0.00    0.00    1.09    0.00    0.00    0.00   75.00
04:41:48 PM   19    2.11    0.00   14.74    0.00    0.00    1.05    0.00    0.00    0.00   82.11
04:41:48 PM   20    3.12    0.00   20.83    0.00    0.00    1.04    0.00    0.00    0.00   75.00
04:41:48 PM   21    2.17    0.00   13.04    0.00    0.00    0.00    0.00    0.00    0.00   84.78
04:41:48 PM   22    1.06    0.00    8.51    0.00    0.00   21.28    0.00    0.00    0.00   69.15
04:41:48 PM   23    1.15    0.00    4.60    0.00    0.00   18.39    0.00    0.00    0.00   75.86
04:41:48 PM   24    1.04    0.00   11.46    0.00    0.00   27.08    0.00    0.00    0.00   60.42
04:41:48 PM   25    0.00    0.00    0.00    0.00    0.00    2.99    0.00    0.00    0.00   97.01
04:41:48 PM   26    0.00    0.00    0.00    0.00    0.00    0.00    0.00    0.00    0.00  100.00
04:41:48 PM   27    0.00    0.00    0.00    0.00    0.00    0.00    0.00    0.00    0.00  100.00
04:41:48 PM   28    0.00    0.00    0.00    0.00    0.00    0.00    0.00    0.00    0.00  100.00
04:41:48 PM   29    0.00    0.00    0.00    0.00    0.00    0.00    0.00    0.00    0.00  100.00
04:41:48 PM   30    0.00    0.00    0.00    0.00    0.00    0.00    0.00    0.00    0.00  100.00
04:41:48 PM   31    0.00    0.00    0.00    0.00    0.00    0.00    0.00    0.00    0.00  100.00

04:41:48 PM  CPU    %usr   %nice    %sys %iowait    %irq   %soft  %steal  %guest  %gnice   %idle
04:41:49 PM  all    1.38    0.00    6.37    0.00    0.00    5.91    0.00    0.00    0.00   86.33
04:41:49 PM    0    2.22    0.00   10.00    0.00    0.00    0.00    0.00    0.00    0.00   87.78
04:41:49 PM    1    0.00    0.00    0.00    0.00    0.00  100.00    0.00    0.00    0.00    0.00
04:41:49 PM    2    4.40    0.00   14.29    0.00    0.00    1.10    0.00    0.00    0.00   80.22
04:41:49 PM    3    3.33    0.00   13.33    0.00    0.00    1.11    0.00    0.00    0.00   82.22
04:41:49 PM    4    3.37    0.00   12.36    0.00    0.00    0.00    0.00    0.00    0.00   84.27
04:41:49 PM    5    2.27    0.00   11.36    0.00    0.00    0.00    0.00    0.00    0.00   86.36
04:41:49 PM    6    2.25    0.00   12.36    0.00    0.00    0.00    0.00    0.00    0.00   85.39
04:41:49 PM    7    3.33    0.00   12.22    0.00    0.00    0.00    0.00    0.00    0.00   84.44
04:41:49 PM    8    0.00    0.00    0.00    0.00    0.00    0.00    0.00    0.00    0.00  100.00
04:41:49 PM    9    1.00    0.00    1.00    0.00    0.00    0.00    0.00    0.00    0.00   98.00
04:41:49 PM   10    0.00    0.00    0.00    0.00    0.00    0.00    0.00    0.00    0.00  100.00
04:41:49 PM   11    0.00    0.00    1.01    0.00    0.00    0.00    0.00    0.00    0.00   98.99
04:41:49 PM   12    0.00    0.00    0.00    0.00    0.00    0.00    0.00    0.00    0.00  100.00
04:41:49 PM   13    0.00    0.00    0.00    0.00    0.00    0.00    0.00    0.00    0.00  100.00
04:41:49 PM   14    0.00    0.00    0.00    0.00    0.00    0.00    0.00    0.00    0.00  100.00
04:41:49 PM   15    0.00    0.00    0.00    0.00    0.00    0.00    0.00    0.00    0.00  100.00
04:41:49 PM   16    3.33    0.00   16.67    0.00    0.00    1.11    0.00    0.00    0.00   78.89
04:41:49 PM   17    2.15    0.00   11.83    0.00    0.00    0.00    0.00    0.00    0.00   86.02
04:41:49 PM   18    3.16    0.00   22.11    0.00    0.00    1.05    0.00    0.00    0.00   73.68
04:41:49 PM   19    3.19    0.00   15.96    0.00    0.00    1.06    0.00    0.00    0.00   79.79
04:41:49 PM   20    3.16    0.00   17.89    0.00    0.00    1.05    0.00    0.00    0.00   77.89
04:41:49 PM   21    2.17    0.00   14.13    0.00    0.00    1.09    0.00    0.00    0.00   82.61
04:41:49 PM   22    1.08    0.00    5.38    0.00    0.00   20.43    0.00    0.00    0.00   73.12
04:41:49 PM   23    1.12    0.00    7.87    0.00    0.00   16.85    0.00    0.00    0.00   74.16
04:41:49 PM   24    4.17    0.00    9.38    0.00    0.00   26.04    0.00    0.00    0.00   60.42
04:41:49 PM   25    0.00    0.00    1.20    0.00    0.00   18.07    0.00    0.00    0.00   80.72
04:41:49 PM   26    0.00    0.00    1.00    0.00    0.00    0.00    0.00    0.00    0.00   99.00
04:41:49 PM   27    0.00    0.00    0.00    0.00    0.00    0.00    0.00    0.00    0.00  100.00
04:41:49 PM   28    0.00    0.00    0.00    0.00    0.00    0.00    0.00    0.00    0.00  100.00
04:41:49 PM   29    0.00    0.00    0.00    0.00    0.00    0.00    0.00    0.00    0.00  100.00
04:41:49 PM   30    0.00    0.00    0.00    0.00    0.00    0.00    0.00    0.00    0.00  100.00
04:41:49 PM   31    0.00    0.00    0.00    0.00    0.00    0.00    0.00    0.00    0.00  100.00

04:41:49 PM  CPU    %usr   %nice    %sys %iowait    %irq   %soft  %steal  %guest  %gnice   %idle
04:41:50 PM  all    1.09    0.00    6.43    0.00    0.00    5.83    0.00    0.00    0.00   86.65
04:41:50 PM    0    1.08    0.00    9.68    0.00    0.00    1.08    0.00    0.00    0.00   88.17
04:41:50 PM    1    0.00    0.00    0.00    0.00    0.00   99.00    0.00    0.00    0.00    1.00
04:41:50 PM    2    2.27    0.00   17.05    0.00    0.00    1.14    0.00    0.00    0.00   79.55
04:41:50 PM    3    3.41    0.00   12.50    0.00    0.00    0.00    0.00    0.00    0.00   84.09
04:41:50 PM    4    2.30    0.00   11.49    0.00    0.00    0.00    0.00    0.00    0.00   86.21
04:41:50 PM    5    2.20    0.00   18.68    0.00    0.00    1.10    0.00    0.00    0.00   78.02
04:41:50 PM    6    2.22    0.00   13.33    0.00    0.00    1.11    0.00    0.00    0.00   83.33
04:41:50 PM    7    2.17    0.00   17.39    0.00    0.00    1.09    0.00    0.00    0.00   79.35
04:41:50 PM    8    0.00    0.00    0.00    0.00    0.00    0.00    0.00    0.00    0.00  100.00
04:41:50 PM    9    0.00    0.00    1.00    0.00    0.00    0.00    0.00    0.00    0.00   99.00
04:41:50 PM   10    0.00    0.00    0.00    0.00    0.00    0.00    0.00    0.00    0.00  100.00
04:41:50 PM   11    0.00    0.00    0.00    0.00    0.00    0.00    0.00    0.00    0.00  100.00
04:41:50 PM   12    0.00    0.00    0.00    0.00    0.00    0.00    0.00    0.00    0.00  100.00
04:41:50 PM   13    0.99    0.00    0.00    0.00    0.00    0.00    0.00    0.00    0.00   99.01
04:41:50 PM   14    0.00    0.00    0.00    0.00    0.00    0.00    0.00    0.00    0.00  100.00
04:41:50 PM   15    0.00    0.00    0.00    0.00    0.00    0.00    0.00    0.00    0.00  100.00
04:41:50 PM   16    3.26    0.00   16.30    0.00    0.00    0.00    0.00    0.00    0.00   80.43
04:41:50 PM   17    2.15    0.00   12.90    0.00    0.00    1.08    0.00    0.00    0.00   83.87
04:41:50 PM   18    2.15    0.00   18.28    0.00    0.00    1.08    0.00    0.00    0.00   78.49
04:41:50 PM   19    3.19    0.00   14.89    0.00    0.00    1.06    0.00    0.00    0.00   80.85
04:41:50 PM   20    2.22    0.00   17.78    0.00    0.00    1.11    0.00    0.00    0.00   78.89
04:41:50 PM   21    2.11    0.00   13.68    0.00    0.00    1.05    0.00    0.00    0.00   83.16
04:41:50 PM   22    1.11    0.00    3.33    0.00    0.00   21.11    0.00    0.00    0.00   74.44
04:41:50 PM   23    2.17    0.00    6.52    0.00    0.00   20.65    0.00    0.00    0.00   70.65
04:41:50 PM   24    1.05    0.00    8.42    0.00    0.00   26.32    0.00    0.00    0.00   64.21
04:41:50 PM   25    0.00    0.00    0.00    0.00    0.00    7.04    0.00    0.00    0.00   92.96
04:41:50 PM   26    0.00    0.00    0.00    0.00    0.00    0.00    0.00    0.00    0.00  100.00
04:41:50 PM   27    0.00    0.00    0.00    0.00    0.00    0.00    0.00    0.00    0.00  100.00
04:41:50 PM   28    0.00    0.00    0.00    0.00    0.00    0.00    0.00    0.00    0.00  100.00
04:41:50 PM   29    0.00    0.00    0.00    0.00    0.00    0.00    0.00    0.00    0.00  100.00
04:41:50 PM   30    0.00    0.00    0.00    0.00    0.00    0.00    0.00    0.00    0.00  100.00
04:41:50 PM   31    0.00    0.00    0.00    0.00    0.00    0.00    0.00    0.00    0.00  100.00

04:41:50 PM  CPU    %usr   %nice    %sys %iowait    %irq   %soft  %steal  %guest  %gnice   %idle
04:41:51 PM  all    1.25    0.00    6.52    0.00    0.00    5.77    0.00    0.00    0.00   86.46
04:41:51 PM    0    2.11    0.00    8.42    0.00    0.00    0.00    0.00    0.00    0.00   89.47
04:41:51 PM    1    0.00    0.00    0.00    0.00    0.00   99.00    0.00    0.00    0.00    1.00
04:41:51 PM    2    3.30    0.00   18.68    0.00    0.00    0.00    0.00    0.00    0.00   78.02
04:41:51 PM    3    3.26    0.00   18.48    0.00    0.00    1.09    0.00    0.00    0.00   77.17
04:41:51 PM    4    3.30    0.00   14.29    0.00    0.00    1.10    0.00    0.00    0.00   81.32
04:41:51 PM    5    3.30    0.00   13.19    0.00    0.00    0.00    0.00    0.00    0.00   83.52
04:41:51 PM    6    2.22    0.00   13.33    0.00    0.00    1.11    0.00    0.00    0.00   83.33
04:41:51 PM    7    2.15    0.00   16.13    0.00    0.00    1.08    0.00    0.00    0.00   80.65
04:41:51 PM    8    0.00    0.00    0.00    0.00    0.00    0.00    0.00    0.00    0.00  100.00
04:41:51 PM    9    0.00    0.00    0.00    0.00    0.00    0.99    0.00    0.00    0.00   99.01
04:41:51 PM   10    0.00    0.00    0.00    0.00    0.00    0.00    0.00    0.00    0.00  100.00
04:41:51 PM   11    0.00    0.00    0.00    0.00    0.00    0.00    0.00    0.00    0.00  100.00
04:41:51 PM   12    0.00    0.00    0.00    0.00    0.00    0.00    0.00    0.00    0.00  100.00
04:41:51 PM   13    0.00    0.00    0.00    0.00    0.00    0.00    0.00    0.00    0.00  100.00
04:41:51 PM   14    0.00    0.00    0.00    0.00    0.00    0.00    0.00    0.00    0.00  100.00
04:41:51 PM   15    0.00    0.00    0.00    0.00    0.00    0.00    0.00    0.00    0.00  100.00
04:41:51 PM   16    3.16    0.00   23.16    0.00    0.00    3.16    0.00    0.00    0.00   70.53
04:41:51 PM   17    2.20    0.00   10.99    0.00    0.00    0.00    0.00    0.00    0.00   86.81
04:41:51 PM   18    3.19    0.00   14.89    0.00    0.00    1.06    0.00    0.00    0.00   80.85
04:41:51 PM   19    2.20    0.00   15.38    0.00    0.00    0.00    0.00    0.00    0.00   82.42
04:41:51 PM   20    3.16    0.00   17.89    0.00    0.00    1.05    0.00    0.00    0.00   77.89
04:41:51 PM   21    2.22    0.00   10.00    0.00    0.00    0.00    0.00    0.00    0.00   87.78
04:41:51 PM   22    1.09    0.00    5.43    0.00    0.00   19.57    0.00    0.00    0.00   73.91
04:41:51 PM   23    2.20    0.00    7.69    0.00    0.00   18.68    0.00    0.00    0.00   71.43
04:41:51 PM   24    2.08    0.00    7.29    0.00    0.00   26.04    0.00    0.00    0.00   64.58
04:41:51 PM   25    0.00    0.00    0.00    0.00    0.00    9.59    0.00    0.00    0.00   90.41
04:41:51 PM   26    0.00    0.00    0.00    0.00    0.00    0.00    0.00    0.00    0.00  100.00
04:41:51 PM   27    0.00    0.00    0.00    0.00    0.00    0.00    0.00    0.00    0.00  100.00
04:41:51 PM   28    0.00    0.00    0.00    0.00    0.00    0.00    0.00    0.00    0.00  100.00
04:41:51 PM   29    0.00    0.00    0.00    0.00    0.00    0.00    0.00    0.00    0.00  100.00
04:41:51 PM   30    0.00    0.00    0.00    0.00    0.00    0.00    0.00    0.00    0.00  100.00
04:41:51 PM   31    0.00    0.00    0.00    0.00    0.00    0.00    0.00    0.00    0.00  100.00

04:41:51 PM  CPU    %usr   %nice    %sys %iowait    %irq   %soft  %steal  %guest  %gnice   %idle
04:41:52 PM  all    0.99    0.00    6.64    0.00    0.00    5.92    0.00    0.00    0.00   86.45
04:41:52 PM    0    1.08    0.00    6.45    0.00    0.00    1.08    0.00    0.00    0.00   91.40
04:41:52 PM    1    0.00    0.00    0.00    0.00    0.00  100.00    0.00    0.00    0.00    0.00
04:41:52 PM    2    4.44    0.00   20.00    0.00    0.00    1.11    0.00    0.00    0.00   74.44
04:41:52 PM    3    3.41    0.00   14.77    0.00    0.00    1.14    0.00    0.00    0.00   80.68
04:41:52 PM    4    1.11    0.00   20.00    0.00    0.00    1.11    0.00    0.00    0.00   77.78
04:41:52 PM    5    2.30    0.00   13.79    0.00    0.00    0.00    0.00    0.00    0.00   83.91
04:41:52 PM    6    2.25    0.00   13.48    0.00    0.00    0.00    0.00    0.00    0.00   84.27
04:41:52 PM    7    2.25    0.00   15.73    0.00    0.00    0.00    0.00    0.00    0.00   82.02
04:41:52 PM    8    0.00    0.00    0.00    0.00    0.00    0.00    0.00    0.00    0.00  100.00
04:41:52 PM    9    0.00    0.00    0.00    0.00    0.00    0.00    0.00    0.00    0.00  100.00
04:41:52 PM   10    0.00    0.00    0.00    0.00    0.00    0.00    0.00    0.00    0.00  100.00
04:41:52 PM   11    0.00    0.00    0.00    0.00    0.00    0.00    0.00    0.00    0.00  100.00
04:41:52 PM   12    0.00    0.00    0.00    0.00    0.00    0.00    0.00    0.00    0.00  100.00
04:41:52 PM   13    0.00    0.00    0.00    0.00    0.00    0.00    0.00    0.00    0.00  100.00
04:41:52 PM   14    0.00    0.00    0.00    0.00    0.00    0.00    0.00    0.00    0.00  100.00
04:41:52 PM   15    0.00    0.00    0.00    0.00    0.00    0.00    0.00    0.00    0.00  100.00
04:41:52 PM   16    3.16    0.00   24.21    0.00    0.00    2.11    0.00    0.00    0.00   70.53
04:41:52 PM   17    1.06    0.00   12.77    0.00    0.00    1.06    0.00    0.00    0.00   85.11
04:41:52 PM   18    1.14    0.00   15.91    0.00    0.00    0.00    0.00    0.00    0.00   82.95
04:41:52 PM   19    2.20    0.00   16.48    0.00    0.00    1.10    0.00    0.00    0.00   80.22
04:41:52 PM   20    2.25    0.00   16.85    0.00    0.00    0.00    0.00    0.00    0.00   80.90
04:41:52 PM   21    2.20    0.00   13.19    0.00    0.00    0.00    0.00    0.00    0.00   84.62
04:41:52 PM   22    1.09    0.00    5.43    0.00    0.00   19.57    0.00    0.00    0.00   73.91
04:41:52 PM   23    1.08    0.00    5.38    0.00    0.00   20.43    0.00    0.00    0.00   73.12
04:41:52 PM   24    2.06    0.00    7.22    0.00    0.00   27.84    0.00    0.00    0.00   62.89
04:41:52 PM   25    0.00    0.00    0.00    0.00    0.00    9.72    0.00    0.00    0.00   90.28
04:41:52 PM   26    0.00    0.00    0.00    0.00    0.00    0.00    0.00    0.00    0.00  100.00
04:41:52 PM   27    0.00    0.00    0.00    0.00    0.00    0.00    0.00    0.00    0.00  100.00
04:41:52 PM   28    0.00    0.00    0.00    0.00    0.00    0.00    0.00    0.00    0.00  100.00
04:41:52 PM   29    0.00    0.00    0.00    0.00    0.00    0.00    0.00    0.00    0.00  100.00
04:41:52 PM   30    0.00    0.00    0.00    0.00    0.00    0.00    0.00    0.00    0.00  100.00
04:41:52 PM   31    0.00    0.00    0.00    0.00    0.00    0.00    0.00    0.00    0.00  100.00

04:41:52 PM  CPU    %usr   %nice    %sys %iowait    %irq   %soft  %steal  %guest  %gnice   %idle
04:41:53 PM  all    1.12    0.00    6.28    0.00    0.00    5.72    0.00    0.00    0.00   86.88
04:41:53 PM    0    2.13    0.00   12.77    0.00    0.00    0.00    0.00    0.00    0.00   85.11
04:41:53 PM    1    0.00    0.00    0.00    0.00    0.00   99.00    0.00    0.00    0.00    1.00
04:41:53 PM    2    2.25    0.00   14.61    0.00    0.00    1.12    0.00    0.00    0.00   82.02
04:41:53 PM    3    3.33    0.00   13.33    0.00    0.00    1.11    0.00    0.00    0.00   82.22
04:41:53 PM    4    2.25    0.00   13.48    0.00    0.00    0.00    0.00    0.00    0.00   84.27
04:41:53 PM    5    3.26    0.00   10.87    0.00    0.00    1.09    0.00    0.00    0.00   84.78
04:41:53 PM    6    2.20    0.00   13.19    0.00    0.00    1.10    0.00    0.00    0.00   83.52
04:41:53 PM    7    2.22    0.00   10.00    0.00    0.00    0.00    0.00    0.00    0.00   87.78
04:41:53 PM    8    0.00    0.00    0.00    0.00    0.00    0.00    0.00    0.00    0.00  100.00
04:41:53 PM    9    0.00    0.00    0.00    0.00    0.00    0.00    0.00    0.00    0.00  100.00
04:41:53 PM   10    0.00    0.00    0.00    0.00    0.00    0.00    0.00    0.00    0.00  100.00
04:41:53 PM   11    0.00    0.00    0.00    0.00    0.00    0.00    0.00    0.00    0.00  100.00
04:41:53 PM   12    0.00    0.00    0.00    0.00    0.00    0.00    0.00    0.00    0.00  100.00
04:41:53 PM   13    0.00    0.00    1.01    0.00    0.00    0.00    0.00    0.00    0.00   98.99
04:41:53 PM   14    0.00    0.00    0.00    0.00    0.00    0.00    0.00    0.00    0.00  100.00
04:41:53 PM   15    0.00    0.00    0.00    0.00    0.00    0.00    0.00    0.00    0.00  100.00
04:41:53 PM   16    3.26    0.00   19.57    0.00    0.00    1.09    0.00    0.00    0.00   76.09
04:41:53 PM   17    2.25    0.00   11.24    0.00    0.00    0.00    0.00    0.00    0.00   86.52
04:41:53 PM   18    3.23    0.00   18.28    0.00    0.00    1.08    0.00    0.00    0.00   77.42
04:41:53 PM   19    2.15    0.00   12.90    0.00    0.00    0.00    0.00    0.00    0.00   84.95
04:41:53 PM   20    3.12    0.00   20.83    0.00    0.00    1.04    0.00    0.00    0.00   75.00
04:41:53 PM   21    1.09    0.00   11.96    0.00    0.00    1.09    0.00    0.00    0.00   85.87
04:41:53 PM   22    1.10    0.00    6.59    0.00    0.00   18.68    0.00    0.00    0.00   73.63
04:41:53 PM   23    1.11    0.00    5.56    0.00    0.00   18.89    0.00    0.00    0.00   74.44
04:41:53 PM   24    2.11    0.00   10.53    0.00    0.00   25.26    0.00    0.00    0.00   62.11
04:41:53 PM   25    0.00    0.00    0.00    0.00    0.00   11.84    0.00    0.00    0.00   88.16
04:41:53 PM   26    0.00    0.00    0.00    0.00    0.00    0.00    0.00    0.00    0.00  100.00
04:41:53 PM   27    0.00    0.00    0.00    0.00    0.00    0.00    0.00    0.00    0.00  100.00
04:41:53 PM   28    0.00    0.00    0.00    0.00    0.00    0.00    0.00    0.00    0.00  100.00
04:41:53 PM   29    0.00    0.00    0.00    0.00    0.00    0.00    0.00    0.00    0.00  100.00
04:41:53 PM   30    0.00    0.00    0.00    0.00    0.00    0.00    0.00    0.00    0.00  100.00
04:41:53 PM   31    0.00    0.00    0.99    0.00    0.00    0.00    0.00    0.00    0.00   99.01

04:41:53 PM  CPU    %usr   %nice    %sys %iowait    %irq   %soft  %steal  %guest  %gnice   %idle
04:41:54 PM  all    1.12    0.00    7.03    0.00    0.00    5.77    0.00    0.00    0.00   86.08
04:41:54 PM    0    2.17    0.00   10.87    0.00    0.00    1.09    0.00    0.00    0.00   85.87
04:41:54 PM    1    0.00    0.00    0.00    0.00    0.00  100.00    0.00    0.00    0.00    0.00
04:41:54 PM    2    3.37    0.00   16.85    0.00    0.00    1.12    0.00    0.00    0.00   78.65
04:41:54 PM    3    2.33    0.00   18.60    0.00    0.00    0.00    0.00    0.00    0.00   79.07
04:41:54 PM    4    2.25    0.00   15.73    0.00    0.00    0.00    0.00    0.00    0.00   82.02
04:41:54 PM    5    2.22    0.00   18.89    0.00    0.00    0.00    0.00    0.00    0.00   78.89
04:41:54 PM    6    3.45    0.00   10.34    0.00    0.00    0.00    0.00    0.00    0.00   86.21
04:41:54 PM    7    2.30    0.00   12.64    0.00    0.00    0.00    0.00    0.00    0.00   85.06
04:41:54 PM    8    0.00    0.00    1.00    0.00    0.00    0.00    0.00    0.00    0.00   99.00
04:41:54 PM    9    0.00    0.00    0.99    0.00    0.00    0.00    0.00    0.00    0.00   99.01
04:41:54 PM   10    0.00    0.00    0.00    0.00    0.00    0.00    0.00    0.00    0.00  100.00
04:41:54 PM   11    0.00    0.00    1.00    0.00    0.00    0.00    0.00    0.00    0.00   99.00
04:41:54 PM   12    0.00    0.00    0.00    0.00    0.00    0.00    0.00    0.00    0.00  100.00
04:41:54 PM   13    0.00    0.00    0.99    0.00    0.00    0.00    0.00    0.00    0.00   99.01
04:41:54 PM   14    0.00    0.00    0.00    0.00    0.00    0.00    0.00    0.00    0.00  100.00
04:41:54 PM   15    0.00    0.00    0.00    0.00    0.00    0.00    0.00    0.00    0.00  100.00
04:41:54 PM   16    2.13    0.00   23.40    0.00    0.00    1.06    0.00    0.00    0.00   73.40
04:41:54 PM   17    2.08    0.00   13.54    0.00    0.00    0.00    0.00    0.00    0.00   84.38
04:41:54 PM   18    2.15    0.00   18.28    0.00    0.00    1.08    0.00    0.00    0.00   78.49
04:41:54 PM   19    2.15    0.00   16.13    0.00    0.00    1.08    0.00    0.00    0.00   80.65
04:41:54 PM   20    2.15    0.00   16.13    0.00    0.00    1.08    0.00    0.00    0.00   80.65
04:41:54 PM   21    2.17    0.00   16.30    0.00    0.00    1.09    0.00    0.00    0.00   80.43
04:41:54 PM   22    1.10    0.00    4.40    0.00    0.00   21.98    0.00    0.00    0.00   72.53
04:41:54 PM   23    2.22    0.00    7.78    0.00    0.00   17.78    0.00    0.00    0.00   72.22
04:41:54 PM   24    3.30    0.00    9.89    0.00    0.00   23.08    0.00    0.00    0.00   63.74
04:41:54 PM   25    0.00    0.00    0.00    0.00    0.00   14.47    0.00    0.00    0.00   85.53
04:41:54 PM   26    0.00    0.00    0.00    0.00    0.00    0.00    0.00    0.00    0.00  100.00
04:41:54 PM   27    0.00    0.00    0.00    0.00    0.00    0.00    0.00    0.00    0.00  100.00
04:41:54 PM   28    0.00    0.00    0.00    0.00    0.00    0.00    0.00    0.00    0.00  100.00
04:41:54 PM   29    0.00    0.00    0.00    0.00    0.00    0.00    0.00    0.00    0.00  100.00
04:41:54 PM   30    0.00    0.00    0.00    0.00    0.00    0.00    0.00    0.00    0.00  100.00
04:41:54 PM   31    0.00    0.00    0.00    0.00    0.00    0.00    0.00    0.00    0.00  100.00

Average:     CPU    %usr   %nice    %sys %iowait    %irq   %soft  %steal  %guest  %gnice   %idle
Average:     all    1.18    0.00    6.69    0.00    0.00    5.89    0.00    0.00    0.00   86.24
Average:       0    1.59    0.00    9.76    0.00    0.00    0.53    0.00    0.00    0.00   88.12
Average:       1    0.00    0.00    0.00    0.00    0.00   99.50    0.00    0.00    0.00    0.50
Average:       2    3.39    0.00   17.51    0.00    0.00    1.02    0.00    0.00    0.00   78.08
Average:       3    3.08    0.00   15.41    0.00    0.00    0.57    0.00    0.00    0.00   80.94
Average:       4    2.95    0.00   14.43    0.00    0.00    0.45    0.00    0.00    0.00   82.16
Average:       5    2.82    0.00   14.45    0.00    0.00    0.34    0.00    0.00    0.00   82.39
Average:       6    2.72    0.00   13.73    0.00    0.00    0.68    0.00    0.00    0.00   82.86
Average:       7    2.35    0.00   14.80    0.00    0.00    0.67    0.00    0.00    0.00   82.17
Average:       8    0.00    0.00    0.20    0.00    0.00    0.00    0.00    0.00    0.00   99.80
Average:       9    0.10    0.00    0.40    0.00    0.00    0.10    0.00    0.00    0.00   99.40
Average:      10    0.00    0.00    0.00    0.00    0.00    0.00    0.00    0.00    0.00  100.00
Average:      11    0.00    0.00    0.30    0.00    0.00    0.00    0.00    0.00    0.00   99.70
Average:      12    0.00    0.00    0.00    0.00    0.00    0.00    0.00    0.00    0.00  100.00
Average:      13    0.10    0.00    0.30    0.00    0.00    0.00    0.00    0.00    0.00   99.60
Average:      14    0.00    0.00    0.00    0.00    0.00    0.00    0.00    0.00    0.00  100.00
Average:      15    0.00    0.00    0.00    0.00    0.00    0.00    0.00    0.00    0.00  100.00
Average:      16    2.91    0.00   19.91    0.00    0.00    1.40    0.00    0.00    0.00   75.78
Average:      17    1.92    0.00   12.70    0.00    0.00    0.43    0.00    0.00    0.00   84.95
Average:      18    2.62    0.00   18.10    0.00    0.00    0.87    0.00    0.00    0.00   78.41
Average:      19    2.35    0.00   15.08    0.00    0.00    0.75    0.00    0.00    0.00   81.82
Average:      20    2.86    0.00   18.11    0.00    0.00    0.85    0.00    0.00    0.00   78.18
Average:      21    1.92    0.00   13.78    0.00    0.00    0.75    0.00    0.00    0.00   83.55
Average:      22    1.19    0.00    5.84    0.00    0.00   20.67    0.00    0.00    0.00   72.29
Average:      23    1.54    0.00    7.17    0.00    0.00   18.41    0.00    0.00    0.00   72.88
Average:      24    2.32    0.00    9.50    0.00    0.00   25.98    0.00    0.00    0.00   62.20
Average:      25    0.13    0.00    0.39    0.00    0.00   13.63    0.00    0.00    0.00   85.85
Average:      26    0.10    0.00    0.30    0.00    0.00    0.00    0.00    0.00    0.00   99.60
Average:      27    0.10    0.00    0.20    0.00    0.00    0.10    0.00    0.00    0.00   99.60
Average:      28    0.10    0.00    0.10    0.00    0.00    0.00    0.00    0.00    0.00   99.80
Average:      29    0.00    0.00    0.00    0.00    0.00    0.00    0.00    0.00    0.00  100.00
Average:      30    0.00    0.00    0.00    0.00    0.00    0.00    0.00    0.00    0.00  100.00
Average:      31    0.00    0.00    0.10    0.00    0.00    0.00    0.00    0.00    0.00   99.90
