Linux 7.0.0-22-generic (ms-a2-gateway) 	06/07/26 	_x86_64_	(32 CPU)

17:23:24     CPU    %usr   %nice    %sys %iowait    %irq   %soft  %steal  %guest  %gnice   %idle
17:23:25     all    1.22    0.00    5.55    0.00    0.00    6.01    0.00    0.00    0.00   87.22
17:23:25       0    3.06    0.00   22.45    0.00    0.00    3.06    0.00    0.00    0.00   71.43
17:23:25       1    2.06    0.00   13.40    0.00    0.00    1.03    0.00    0.00    0.00   83.51
17:23:25       2    1.02    0.00    9.18    0.00    0.00    1.02    0.00    0.00    0.00   88.78
17:23:25       3    1.03    0.00    4.12    0.00    0.00    0.00    0.00    0.00    0.00   94.85
17:23:25       4    2.00    0.00   20.00    0.00    0.00    1.00    0.00    0.00    0.00   77.00
17:23:25       5    1.00    0.00    4.00    0.00    0.00    0.00    0.00    0.00    0.00   95.00
17:23:25       6    0.00    0.00    1.00    0.00    0.00    0.00    0.00    0.00    0.00   99.00
17:23:25       7    0.00    0.00    0.00    0.00    0.00    0.00    0.00    0.00    0.00  100.00
17:23:25       8    0.00    0.00    1.15    0.00    0.00   95.40    0.00    0.00    0.00    3.45
17:23:25       9    1.04    0.00    1.04    0.00    0.00    6.25    0.00    0.00    0.00   91.67
17:23:25      10    0.00    0.00    2.11    0.00    0.00    3.16    0.00    0.00    0.00   94.74
17:23:25      11    1.11    0.00    2.22    0.00    0.00   13.33    0.00    0.00    0.00   83.33
17:23:25      12    2.13    0.00    5.32    0.00    0.00    0.00    0.00    0.00    0.00   92.55
17:23:25      13    0.00    0.00    2.11    0.00    0.00    5.26    0.00    0.00    0.00   92.63
17:23:25      14    1.04    0.00    1.04    0.00    0.00    6.25    0.00    0.00    0.00   91.67
17:23:25      15    2.11    0.00    2.11    0.00    0.00    3.16    0.00    0.00    0.00   92.63
17:23:25      16    0.00    0.00    0.00    0.00    0.00    0.00    0.00    0.00    0.00  100.00
17:23:25      17    0.00    0.00    1.01    0.00    0.00    0.00    0.00    0.00    0.00   98.99
17:23:25      18    0.00    0.00    0.00    0.00    0.00    0.00    0.00    0.00    0.00  100.00
17:23:25      19    0.00    0.00    0.00    0.00    0.00    0.00    0.00    0.00    0.00  100.00
17:23:25      20    0.00    0.00    0.00    0.00    0.00    0.00    0.00    0.00    0.00  100.00
17:23:25      21    0.00    0.00    0.00    0.00    0.00    0.00    0.00    0.00    0.00  100.00
17:23:25      22    2.38    0.00    8.33    0.00    0.00   17.86    0.00    0.00    0.00   71.43
17:23:25      23    1.19    0.00    3.57    0.00    0.00   14.29    0.00    0.00    0.00   80.95
17:23:25      24    4.35    0.00   15.22    0.00    0.00   33.70    0.00    0.00    0.00   46.74
17:23:25      25    3.19    0.00   14.89    0.00    0.00    1.06    0.00    0.00    0.00   80.85
17:23:25      26    2.17    0.00    8.70    0.00    0.00    0.00    0.00    0.00    0.00   89.13
17:23:25      27    1.10    0.00   14.29    0.00    0.00    0.00    0.00    0.00    0.00   84.62
17:23:25      28    1.09    0.00    5.43    0.00    0.00    0.00    0.00    0.00    0.00   93.48
17:23:25      29    3.23    0.00    7.53    0.00    0.00    0.00    0.00    0.00    0.00   89.25
17:23:25      30    2.17    0.00    5.43    0.00    0.00    0.00    0.00    0.00    0.00   92.39
17:23:25      31    1.09    0.00    3.26    0.00    0.00    0.00    0.00    0.00    0.00   95.65

17:23:25     CPU    %usr   %nice    %sys %iowait    %irq   %soft  %steal  %guest  %gnice   %idle
17:23:26     all    1.17    0.00    5.25    0.00    0.00    3.19    0.00    0.00    0.00   90.38
17:23:26       0    4.04    0.00   16.16    0.00    0.00    2.02    0.00    0.00    0.00   77.78
17:23:26       1    2.04    0.00   13.27    0.00    0.00    0.00    0.00    0.00    0.00   84.69
17:23:26       2    3.09    0.00   14.43    0.00    0.00    0.00    0.00    0.00    0.00   82.47
17:23:26       3    2.02    0.00    9.09    0.00    0.00    0.00    0.00    0.00    0.00   88.89
17:23:26       4    3.09    0.00   16.49    0.00    0.00    0.00    0.00    0.00    0.00   80.41
17:23:26       5    1.00    0.00    8.00    0.00    0.00    0.00    0.00    0.00    0.00   91.00
17:23:26       6    1.01    0.00    3.03    0.00    0.00    0.00    0.00    0.00    0.00   95.96
17:23:26       7    0.00    0.00    1.01    0.00    0.00    0.00    0.00    0.00    0.00   98.99
17:23:26       8    1.10    0.00    1.10    0.00    0.00   48.35    0.00    0.00    0.00   49.45
17:23:26       9    1.02    0.00    3.06    0.00    0.00    3.06    0.00    0.00    0.00   92.86
17:23:26      10    1.02    0.00    4.08    0.00    0.00    1.02    0.00    0.00    0.00   93.88
17:23:26      11    2.08    0.00   10.42    0.00    0.00    9.38    0.00    0.00    0.00   78.12
17:23:26      12    1.04    0.00    2.08    0.00    0.00    0.00    0.00    0.00    0.00   96.88
17:23:26      13    1.03    0.00    4.12    0.00    0.00    2.06    0.00    0.00    0.00   92.78
17:23:26      14    0.00    0.00    0.00    0.00    0.00    2.11    0.00    0.00    0.00   97.89
17:23:26      15    0.00    0.00    2.06    0.00    0.00    1.03    0.00    0.00    0.00   96.91
17:23:26      16    0.00    0.00    0.00    0.00    0.00    0.00    0.00    0.00    0.00  100.00
17:23:26      17    0.00    0.00    0.00    0.00    0.00    0.00    0.00    0.00    0.00  100.00
17:23:26      18    0.00    0.00    0.00    0.00    0.00    0.00    0.00    0.00    0.00  100.00
17:23:26      19    0.00    0.00    0.00    0.00    0.00    0.00    0.00    0.00    0.00  100.00
17:23:26      20    0.00    0.00    0.00    0.00    0.00    0.00    0.00    0.00    0.00  100.00
17:23:26      21    0.00    0.00    0.00    0.00    0.00    0.00    0.00    0.00    0.00  100.00
17:23:26      22    0.00    0.00    5.33    0.00    0.00    8.00    0.00    0.00    0.00   86.67
17:23:26      23    1.28    0.00    1.28    0.00    0.00    7.69    0.00    0.00    0.00   89.74
17:23:26      24    3.57    0.00   11.90    0.00    0.00   26.19    0.00    0.00    0.00   58.33
17:23:26      25    2.08    0.00   14.58    0.00    0.00    0.00    0.00    0.00    0.00   83.33
17:23:26      26    1.05    0.00    3.16    0.00    0.00    0.00    0.00    0.00    0.00   95.79
17:23:26      27    3.06    0.00   12.24    0.00    0.00    0.00    0.00    0.00    0.00   84.69
17:23:26      28    1.03    0.00    3.09    0.00    0.00    0.00    0.00    0.00    0.00   95.88
17:23:26      29    1.04    0.00    2.08    0.00    0.00    0.00    0.00    0.00    0.00   96.88
17:23:26      30    0.00    0.00    2.11    0.00    0.00    0.00    0.00    0.00    0.00   97.89
17:23:26      31    1.02    0.00    4.08    0.00    0.00    0.00    0.00    0.00    0.00   94.90

17:23:26     CPU    %usr   %nice    %sys %iowait    %irq   %soft  %steal  %guest  %gnice   %idle
17:23:27     all    0.68    0.00    4.62    0.00    0.00    0.74    0.00    0.00    0.00   93.96
17:23:27       0    3.12    0.00   18.75    0.00    0.00    1.04    0.00    0.00    0.00   77.08
17:23:27       1    1.02    0.00   13.27    0.00    0.00    1.02    0.00    0.00    0.00   84.69
17:23:27       2    3.12    0.00   15.62    0.00    0.00    0.00    0.00    0.00    0.00   81.25
17:23:27       3    1.98    0.00    9.90    0.00    0.00    0.99    0.00    0.00    0.00   87.13
17:23:27       4    3.12    0.00   18.75    0.00    0.00    1.04    0.00    0.00    0.00   77.08
17:23:27       5    0.00    0.00    8.25    0.00    0.00    0.00    0.00    0.00    0.00   91.75
17:23:27       6    0.00    0.00    3.00    0.00    0.00    0.00    0.00    0.00    0.00   97.00
17:23:27       7    0.00    0.00    2.02    0.00    0.00    0.00    0.00    0.00    0.00   97.98
17:23:27       8    0.00    0.00    2.04    0.00    0.00    0.00    0.00    0.00    0.00   97.96
17:23:27       9    1.01    0.00    8.08    0.00    0.00    0.00    0.00    0.00    0.00   90.91
17:23:27      10    0.00    0.00    0.00    0.00    0.00    0.00    0.00    0.00    0.00  100.00
17:23:27      11    2.06    0.00   16.49    0.00    0.00    0.00    0.00    0.00    0.00   81.44
17:23:27      12    0.00    0.00    1.01    0.00    0.00    0.00    0.00    0.00    0.00   98.99
17:23:27      13    1.00    0.00    4.00    0.00    0.00    0.00    0.00    0.00    0.00   95.00
17:23:27      14    0.00    0.00    0.00    0.00    0.00    0.00    0.00    0.00    0.00  100.00
17:23:27      15    0.00    0.00    0.00    0.00    0.00    0.00    0.00    0.00    0.00  100.00
17:23:27      16    0.00    0.00    0.00    0.00    0.00    0.00    0.00    0.00    0.00  100.00
17:23:27      17    0.00    0.00    0.00    0.00    0.00    0.00    0.00    0.00    0.00  100.00
17:23:27      18    0.00    0.00    0.00    0.00    0.00    0.00    0.00    0.00    0.00  100.00
17:23:27      19    0.00    0.00    0.00    0.00    0.00    0.00    0.00    0.00    0.00  100.00
17:23:27      20    0.00    0.00    0.00    0.00    0.00    0.00    0.00    0.00    0.00  100.00
17:23:27      21    0.00    0.00    0.00    0.00    0.00    0.00    0.00    0.00    0.00  100.00
17:23:27      22    0.00    0.00    0.00    0.00    0.00    4.29    0.00    0.00    0.00   95.71
17:23:27      23    0.00    0.00    1.37    0.00    0.00    2.74    0.00    0.00    0.00   95.89
17:23:27      24    2.56    0.00   10.26    0.00    0.00   17.95    0.00    0.00    0.00   69.23
17:23:27      25    2.00    0.00   14.00    0.00    0.00    0.00    0.00    0.00    0.00   84.00
17:23:27      26    1.00    0.00    2.00    0.00    0.00    0.00    0.00    0.00    0.00   97.00
17:23:27      27    0.00    0.00    0.00    0.00    0.00    0.00    0.00    0.00    0.00  100.00
17:23:27      28    0.00    0.00    0.00    0.00    0.00    0.00    0.00    0.00    0.00  100.00
17:23:27      29    0.00    0.00    0.00    0.00    0.00    0.00    0.00    0.00    0.00  100.00
17:23:27      30    0.00    0.00    0.00    0.00    0.00    0.00    0.00    0.00    0.00  100.00
17:23:27      31    0.00    0.00    0.00    0.00    0.00    0.00    0.00    0.00    0.00  100.00

17:23:27     CPU    %usr   %nice    %sys %iowait    %irq   %soft  %steal  %guest  %gnice   %idle
17:23:28     all    0.65    0.00    4.25    0.00    0.00    0.45    0.00    0.00    0.00   94.64
17:23:28       0    2.04    0.00   19.39    0.00    0.00    1.02    0.00    0.00    0.00   77.55
17:23:28       1    3.12    0.00   14.58    0.00    0.00    0.00    0.00    0.00    0.00   82.29
17:23:28       2    3.06    0.00   18.37    0.00    0.00    1.02    0.00    0.00    0.00   77.55
17:23:28       3    2.02    0.00   13.13    0.00    0.00    0.00    0.00    0.00    0.00   84.85
17:23:28       4    3.09    0.00   19.59    0.00    0.00    0.00    0.00    0.00    0.00   77.32
17:23:28       5    2.06    0.00   10.31    0.00    0.00    0.00    0.00    0.00    0.00   87.63
17:23:28       6    1.01    0.00    4.04    0.00    0.00    0.00    0.00    0.00    0.00   94.95
17:23:28       7    0.00    0.00    2.02    0.00    0.00    0.00    0.00    0.00    0.00   97.98
17:23:28       8    0.00    0.00    0.00    0.00    0.00    0.00    0.00    0.00    0.00  100.00
17:23:28       9    1.00    0.00    5.00    0.00    0.00    0.00    0.00    0.00    0.00   94.00
17:23:28      10    0.00    0.00    1.01    0.00    0.00    0.00    0.00    0.00    0.00   98.99
17:23:28      11    2.02    0.00   11.11    0.00    0.00    1.01    0.00    0.00    0.00   85.86
17:23:28      12    0.00    0.00    2.97    0.00    0.00    0.00    0.00    0.00    0.00   97.03
17:23:28      13    0.00    0.00    1.00    0.00    0.00    0.00    0.00    0.00    0.00   99.00
17:23:28      14    0.00    0.00    2.00    0.00    0.00    0.00    0.00    0.00    0.00   98.00
17:23:28      15    0.00    0.00    0.00    0.00    0.00    0.00    0.00    0.00    0.00  100.00
17:23:28      16    0.00    0.00    0.00    0.00    0.00    0.00    0.00    0.00    0.00  100.00
17:23:28      17    0.00    0.00    0.00    0.00    0.00    0.00    0.00    0.00    0.00  100.00
17:23:28      18    0.00    0.00    3.03    0.00    0.00    0.00    0.00    0.00    0.00   96.97
17:23:28      19    0.00    0.00    0.00    0.00    0.00    0.00    0.00    0.00    0.00  100.00
17:23:28      20    0.00    0.00    0.00    0.00    0.00    0.00    0.00    0.00    0.00  100.00
17:23:28      21    0.00    0.00    0.00    0.00    0.00    0.00    0.00    0.00    0.00  100.00
17:23:28      22    0.00    0.00    0.00    0.00    0.00    5.56    0.00    0.00    0.00   94.44
17:23:28      23    0.00    0.00    0.00    0.00    0.00    2.74    0.00    0.00    0.00   97.26
17:23:28      24    0.00    0.00    3.45    0.00    0.00    8.62    0.00    0.00    0.00   87.93
17:23:28      25    1.01    0.00    3.03    0.00    0.00    0.00    0.00    0.00    0.00   95.96
17:23:28      26    0.00    0.00    0.99    0.00    0.00    0.00    0.00    0.00    0.00   99.01
17:23:28      27    0.00    0.00    0.00    0.00    0.00    0.00    0.00    0.00    0.00  100.00
17:23:28      28    0.00    0.00    0.00    0.00    0.00    0.00    0.00    0.00    0.00  100.00
17:23:28      29    0.00    0.00    0.00    0.00    0.00    0.00    0.00    0.00    0.00  100.00
17:23:28      30    0.00    0.00    0.00    0.00    0.00    0.00    0.00    0.00    0.00  100.00
17:23:28      31    0.00    0.00    0.00    0.00    0.00    0.00    0.00    0.00    0.00  100.00

17:23:28     CPU    %usr   %nice    %sys %iowait    %irq   %soft  %steal  %guest  %gnice   %idle
17:23:29     all    0.49    0.00    3.96    0.00    0.00    0.58    0.00    0.00    0.00   94.96
17:23:29       0    2.08    0.00   17.71    0.00    0.00    1.04    0.00    0.00    0.00   79.17
17:23:29       1    3.03    0.00   17.17    0.00    0.00    2.02    0.00    0.00    0.00   77.78
17:23:29       2    2.04    0.00   16.33    0.00    0.00    1.02    0.00    0.00    0.00   80.61
17:23:29       3    1.03    0.00   12.37    0.00    0.00    1.03    0.00    0.00    0.00   85.57
17:23:29       4    3.09    0.00   19.59    0.00    0.00    1.03    0.00    0.00    0.00   76.29
17:23:29       5    1.01    0.00   11.11    0.00    0.00    1.01    0.00    0.00    0.00   86.87
17:23:29       6    0.00    0.00    6.06    0.00    0.00    0.00    0.00    0.00    0.00   93.94
17:23:29       7    0.00    0.00    3.03    0.00    0.00    0.00    0.00    0.00    0.00   96.97
17:23:29       8    0.00    0.00    0.00    0.00    0.00    0.00    0.00    0.00    0.00  100.00
17:23:29       9    0.00    0.00    2.02    0.00    0.00    0.00    0.00    0.00    0.00   97.98
17:23:29      10    0.00    0.00    0.00    0.00    0.00    0.00    0.00    0.00    0.00  100.00
17:23:29      11    1.01    0.00    5.05    0.00    0.00    0.00    0.00    0.00    0.00   93.94
17:23:29      12    0.00    0.00    0.00    0.00    0.00    0.00    0.00    0.00    0.00  100.00
17:23:29      13    0.00    0.00    1.00    0.00    0.00    0.00    0.00    0.00    0.00   99.00
17:23:29      14    0.00    0.00    0.00    0.00    0.00    0.00    0.00    0.00    0.00  100.00
17:23:29      15    0.00    0.00    0.00    0.00    0.00    0.00    0.00    0.00    0.00  100.00
17:23:29      16    0.00    0.00    1.00    0.00    0.00    0.00    0.00    0.00    0.00   99.00
17:23:29      17    0.00    0.00    0.00    0.00    0.00    0.00    0.00    0.00    0.00  100.00
17:23:29      18    1.03    0.00    6.19    0.00    0.00    0.00    0.00    0.00    0.00   92.78
17:23:29      19    0.99    0.00    0.99    0.00    0.00    0.00    0.00    0.00    0.00   98.02
17:23:29      20    0.00    0.00    0.00    0.00    0.00    0.00    0.00    0.00    0.00  100.00
17:23:29      21    0.00    0.00    0.00    0.00    0.00    0.00    0.00    0.00    0.00  100.00
17:23:29      22    0.00    0.00    0.00    0.00    0.00    5.56    0.00    0.00    0.00   94.44
17:23:29      23    0.00    0.00    0.00    0.00    0.00    2.74    0.00    0.00    0.00   97.26
17:23:29      24    0.00    0.00    3.70    0.00    0.00    9.26    0.00    0.00    0.00   87.04
17:23:29      25    0.00    0.00    3.00    0.00    0.00    0.00    0.00    0.00    0.00   97.00
17:23:29      26    0.00    0.00    0.00    0.00    0.00    0.00    0.00    0.00    0.00  100.00
17:23:29      27    0.00    0.00    0.00    0.00    0.00    0.00    0.00    0.00    0.00  100.00
17:23:29      28    0.00    0.00    0.00    0.00    0.00    0.00    0.00    0.00    0.00  100.00
17:23:29      29    0.00    0.00    0.00    0.00    0.00    0.00    0.00    0.00    0.00  100.00
17:23:29      30    0.00    0.00    0.00    0.00    0.00    0.00    0.00    0.00    0.00  100.00
17:23:29      31    0.00    0.00    0.00    0.00    0.00    0.00    0.00    0.00    0.00  100.00

17:23:29     CPU    %usr   %nice    %sys %iowait    %irq   %soft  %steal  %guest  %gnice   %idle
17:23:30     all    0.55    0.00    4.06    0.00    0.00    0.42    0.00    0.00    0.00   94.96
17:23:30       0    3.03    0.00   16.16    0.00    0.00    2.02    0.00    0.00    0.00   78.79
17:23:30       1    2.04    0.00   16.33    0.00    0.00    1.02    0.00    0.00    0.00   80.61
17:23:30       2    2.02    0.00   21.21    0.00    0.00    1.01    0.00    0.00    0.00   75.76
17:23:30       3    2.02    0.00   12.12    0.00    0.00    1.01    0.00    0.00    0.00   84.85
17:23:30       4    3.03    0.00   19.19    0.00    0.00    1.01    0.00    0.00    0.00   76.77
17:23:30       5    1.04    0.00   10.42    0.00    0.00    0.00    0.00    0.00    0.00   88.54
17:23:30       6    0.00    0.00    5.10    0.00    0.00    1.02    0.00    0.00    0.00   93.88
17:23:30       7    1.00    0.00    4.00    0.00    0.00    0.00    0.00    0.00    0.00   95.00
17:23:30       8    0.00    0.00    1.00    0.00    0.00    0.00    0.00    0.00    0.00   99.00
17:23:30       9    0.00    0.00    3.00    0.00    0.00    0.00    0.00    0.00    0.00   97.00
17:23:30      10    0.00    0.00    0.00    0.00    0.00    0.00    0.00    0.00    0.00  100.00
17:23:30      11    0.00    0.00    2.00    0.00    0.00    0.00    0.00    0.00    0.00   98.00
17:23:30      12    0.00    0.00    0.00    0.00    0.00    0.00    0.00    0.00    0.00  100.00
17:23:30      13    0.00    0.00    0.00    0.00    0.00    0.00    0.00    0.00    0.00  100.00
17:23:30      14    0.00    0.00    0.00    0.00    0.00    0.00    0.00    0.00    0.00  100.00
17:23:30      15    0.00    0.00    0.00    0.00    0.00    0.00    0.00    0.00    0.00  100.00
17:23:30      16    1.02    0.00    7.14    0.00    0.00    0.00    0.00    0.00    0.00   91.84
17:23:30      17    0.00    0.00    0.00    0.00    0.00    0.00    0.00    0.00    0.00  100.00
17:23:30      18    0.00    0.00    0.00    0.00    0.00    0.00    0.00    0.00    0.00  100.00
17:23:30      19    0.00    0.00    0.00    0.00    0.00    0.00    0.00    0.00    0.00  100.00
17:23:30      20    0.00    0.00    0.00    0.00    0.00    0.00    0.00    0.00    0.00  100.00
17:23:30      21    0.00    0.00    0.00    0.00    0.00    0.00    0.00    0.00    0.00  100.00
17:23:30      22    0.00    0.00    0.00    0.00    0.00    4.23    0.00    0.00    0.00   95.77
17:23:30      23    0.00    0.00    0.00    0.00    0.00    1.39    0.00    0.00    0.00   98.61
17:23:30      24    0.00    0.00    0.00    0.00    0.00    3.92    0.00    0.00    0.00   96.08
17:23:30      25    1.01    0.00    2.02    0.00    0.00    0.00    0.00    0.00    0.00   96.97
17:23:30      26    0.00    0.00    2.00    0.00    0.00    0.00    0.00    0.00    0.00   98.00
17:23:30      27    1.01    0.00    5.05    0.00    0.00    0.00    0.00    0.00    0.00   93.94
17:23:30      28    0.00    0.00    0.00    0.00    0.00    0.00    0.00    0.00    0.00  100.00
17:23:30      29    0.00    0.00    0.00    0.00    0.00    0.00    0.00    0.00    0.00  100.00
17:23:30      30    0.00    0.00    0.00    0.00    0.00    0.00    0.00    0.00    0.00  100.00
17:23:30      31    0.00    0.00    0.00    0.00    0.00    0.00    0.00    0.00    0.00  100.00

17:23:30     CPU    %usr   %nice    %sys %iowait    %irq   %soft  %steal  %guest  %gnice   %idle
17:23:31     all    0.55    0.00    3.62    0.00    0.00    0.39    0.00    0.00    0.00   95.44
17:23:31       0    1.08    0.00   17.20    0.00    0.00    1.08    0.00    0.00    0.00   80.65
17:23:31       1    2.08    0.00   15.62    0.00    0.00    1.04    0.00    0.00    0.00   81.25
17:23:31       2    2.06    0.00   15.46    0.00    0.00    1.03    0.00    0.00    0.00   81.44
17:23:31       3    2.08    0.00   14.58    0.00    0.00    0.00    0.00    0.00    0.00   83.33
17:23:31       4    2.06    0.00   19.59    0.00    0.00    1.03    0.00    0.00    0.00   77.32
17:23:31       5    3.00    0.00   11.00    0.00    0.00    1.00    0.00    0.00    0.00   85.00
17:23:31       6    1.03    0.00    7.22    0.00    0.00    0.00    0.00    0.00    0.00   91.75
17:23:31       7    1.00    0.00    3.00    0.00    0.00    0.00    0.00    0.00    0.00   96.00
17:23:31       8    0.00    0.00    0.99    0.00    0.00    0.00    0.00    0.00    0.00   99.01
17:23:31       9    0.00    0.00    0.00    0.00    0.00    0.00    0.00    0.00    0.00  100.00
17:23:31      10    0.00    0.00    0.00    0.00    0.00    0.00    0.00    0.00    0.00  100.00
17:23:31      11    1.00    0.00    2.00    0.00    0.00    0.00    0.00    0.00    0.00   97.00
17:23:31      12    0.00    0.00    0.00    0.00    0.00    0.00    0.00    0.00    0.00  100.00
17:23:31      13    0.00    0.00    0.00    0.00    0.00    0.00    0.00    0.00    0.00  100.00
17:23:31      14    0.00    0.00    0.00    0.00    0.00    0.00    0.00    0.00    0.00  100.00
17:23:31      15    0.00    0.00    0.00    0.00    0.00    0.00    0.00    0.00    0.00  100.00
17:23:31      16    2.04    0.00    7.14    0.00    0.00    0.00    0.00    0.00    0.00   90.82
17:23:31      17    0.00    0.00    0.00    0.00    0.00    0.00    0.00    0.00    0.00  100.00
17:23:31      18    0.00    0.00    0.00    0.00    0.00    0.00    0.00    0.00    0.00  100.00
17:23:31      19    0.00    0.00    0.00    0.00    0.00    0.00    0.00    0.00    0.00  100.00
17:23:31      20    0.00    0.00    0.00    0.00    0.00    0.00    0.00    0.00    0.00  100.00
17:23:31      21    0.00    0.00    1.01    0.00    0.00    0.00    0.00    0.00    0.00   98.99
17:23:31      22    0.00    0.00    0.00    0.00    0.00    5.41    0.00    0.00    0.00   94.59
17:23:31      23    0.00    0.00    0.00    0.00    0.00    1.37    0.00    0.00    0.00   98.63
17:23:31      24    0.00    0.00    0.00    0.00    0.00    4.17    0.00    0.00    0.00   95.83
17:23:31      25    0.00    0.00    0.00    0.00    0.00    0.00    0.00    0.00    0.00  100.00
17:23:31      26    0.00    0.00    0.00    0.00    0.00    0.00    0.00    0.00    0.00  100.00
17:23:31      27    0.00    0.00    0.00    0.00    0.00    0.00    0.00    0.00    0.00  100.00
17:23:31      28    0.00    0.00    0.00    0.00    0.00    0.00    0.00    0.00    0.00  100.00
17:23:31      29    0.00    0.00    0.00    0.00    0.00    0.00    0.00    0.00    0.00  100.00
17:23:31      30    0.00    0.00    0.00    0.00    0.00    0.00    0.00    0.00    0.00  100.00
17:23:31      31    0.00    0.00    0.00    0.00    0.00    0.00    0.00    0.00    0.00  100.00

17:23:31     CPU    %usr   %nice    %sys %iowait    %irq   %soft  %steal  %guest  %gnice   %idle
17:23:32     all    0.52    0.00    3.56    0.00    0.00    0.78    0.00    0.00    0.00   95.14
17:23:32       0    1.05    0.00   12.63    0.00    0.00    1.05    0.00    0.00    0.00   85.26
17:23:32       1    2.06    0.00   17.53    0.00    0.00    1.03    0.00    0.00    0.00   79.38
17:23:32       2    3.06    0.00   15.31    0.00    0.00    0.00    0.00    0.00    0.00   81.63
17:23:32       3    1.04    0.00   11.46    0.00    0.00    1.04    0.00    0.00    0.00   86.46
17:23:32       4    3.06    0.00   18.37    0.00    0.00    2.04    0.00    0.00    0.00   76.53
17:23:32       5    1.01    0.00   11.11    0.00    0.00    0.00    0.00    0.00    0.00   87.88
17:23:32       6    1.01    0.00    4.04    0.00    0.00    1.01    0.00    0.00    0.00   93.94
17:23:32       7    0.00    0.00    4.04    0.00    0.00    0.00    0.00    0.00    0.00   95.96
17:23:32       8    1.00    0.00    1.00    0.00    0.00    0.00    0.00    0.00    0.00   98.00
17:23:32       9    0.00    0.00    0.00    0.00    0.00    0.00    0.00    0.00    0.00  100.00
17:23:32      10    0.00    0.00    0.00    0.00    0.00    0.00    0.00    0.00    0.00  100.00
17:23:32      11    0.00    0.00    0.00    0.00    0.00    0.00    0.00    0.00    0.00  100.00
17:23:32      12    0.00    0.00    0.00    0.00    0.00    0.00    0.00    0.00    0.00  100.00
17:23:32      13    0.00    0.00    0.00    0.00    0.00    0.00    0.00    0.00    0.00  100.00
17:23:32      14    0.00    0.00    0.00    0.00    0.00    0.00    0.00    0.00    0.00  100.00
17:23:32      15    0.00    0.00    0.00    0.00    0.00    0.00    0.00    0.00    0.00  100.00
17:23:32      16    2.00    0.00    8.00    0.00    0.00    0.00    0.00    0.00    0.00   90.00
17:23:32      17    0.00    0.00    0.00    0.00    0.00    0.00    0.00    0.00    0.00  100.00
17:23:32      18    0.00    0.00    0.00    0.00    0.00    0.00    0.00    0.00    0.00  100.00
17:23:32      19    0.00    0.00    0.00    0.00    0.00    0.00    0.00    0.00    0.00  100.00
17:23:32      20    0.00    0.00    0.00    0.00    0.00    0.00    0.00    0.00    0.00  100.00
17:23:32      21    0.00    0.00    0.00    0.00    0.00    0.00    0.00    0.00    0.00  100.00
17:23:32      22    1.16    0.00   10.47    0.00    0.00   17.44    0.00    0.00    0.00   70.93
17:23:32      23    0.00    0.00    0.00    0.00    0.00    1.39    0.00    0.00    0.00   98.61
17:23:32      24    0.00    0.00    0.00    0.00    0.00    4.17    0.00    0.00    0.00   95.83
17:23:32      25    0.00    0.00    0.00    0.00    0.00    0.00    0.00    0.00    0.00  100.00
17:23:32      26    0.00    0.00    0.00    0.00    0.00    0.00    0.00    0.00    0.00  100.00
17:23:32      27    0.00    0.00    0.00    0.00    0.00    0.00    0.00    0.00    0.00  100.00
17:23:32      28    0.00    0.00    0.00    0.00    0.00    0.00    0.00    0.00    0.00  100.00
17:23:32      29    0.00    0.00    0.00    0.00    0.00    0.00    0.00    0.00    0.00  100.00
17:23:32      30    0.00    0.00    0.00    0.00    0.00    0.00    0.00    0.00    0.00  100.00
17:23:32      31    0.00    0.00    0.00    0.00    0.00    0.00    0.00    0.00    0.00  100.00

17:23:32     CPU    %usr   %nice    %sys %iowait    %irq   %soft  %steal  %guest  %gnice   %idle
17:23:33     all    0.55    0.00    3.74    0.00    0.00    0.87    0.00    0.00    0.00   94.84
17:23:33       0    2.00    0.00   16.00    0.00    0.00    2.00    0.00    0.00    0.00   80.00
17:23:33       1    2.02    0.00   12.12    0.00    0.00    0.00    0.00    0.00    0.00   85.86
17:23:33       2    2.02    0.00   16.16    0.00    0.00    1.01    0.00    0.00    0.00   80.81
17:23:33       3    2.06    0.00   13.40    0.00    0.00    0.00    0.00    0.00    0.00   84.54
17:23:33       4    2.06    0.00   21.65    0.00    0.00    2.06    0.00    0.00    0.00   74.23
17:23:33       5    2.00    0.00   10.00    0.00    0.00    1.00    0.00    0.00    0.00   87.00
17:23:33       6    0.00    0.00    5.10    0.00    0.00    0.00    0.00    0.00    0.00   94.90
17:23:33       7    1.00    0.00    4.00    0.00    0.00    0.00    0.00    0.00    0.00   95.00
17:23:33       8    0.00    0.00    0.00    0.00    0.00    0.00    0.00    0.00    0.00  100.00
17:23:33       9    0.00    0.00    0.00    0.00    0.00    0.00    0.00    0.00    0.00  100.00
17:23:33      10    0.00    0.00    0.00    0.00    0.00    0.00    0.00    0.00    0.00  100.00
17:23:33      11    0.00    0.00    0.00    0.00    0.00    0.00    0.00    0.00    0.00  100.00
17:23:33      12    0.00    0.00    0.00    0.00    0.00    0.00    0.00    0.00    0.00  100.00
17:23:33      13    0.00    0.00    0.00    0.00    0.00    0.00    0.00    0.00    0.00  100.00
17:23:33      14    0.00    0.00    0.00    0.00    0.00    0.00    0.00    0.00    0.00  100.00
17:23:33      15    0.00    0.00    0.00    0.00    0.00    0.00    0.00    0.00    0.00  100.00
17:23:33      16    1.02    0.00    8.16    0.00    0.00    0.00    0.00    0.00    0.00   90.82
17:23:33      17    0.99    0.00    1.98    0.00    0.00    0.00    0.00    0.00    0.00   97.03
17:23:33      18    0.00    0.00    0.00    0.00    0.00    0.00    0.00    0.00    0.00  100.00
17:23:33      19    0.00    0.00    0.00    0.00    0.00    0.00    0.00    0.00    0.00  100.00
17:23:33      20    0.00    0.00    0.00    0.00    0.00    0.00    0.00    0.00    0.00  100.00
17:23:33      21    0.00    0.00    0.00    0.00    0.00    0.00    0.00    0.00    0.00  100.00
17:23:33      22    2.27    0.00    9.09    0.00    0.00   18.18    0.00    0.00    0.00   70.45
17:23:33      23    0.00    0.00    0.00    0.00    0.00    4.11    0.00    0.00    0.00   95.89
17:23:33      24    0.00    0.00    0.00    0.00    0.00    4.17    0.00    0.00    0.00   95.83
17:23:33      25    0.00    0.00    1.00    0.00    0.00    0.00    0.00    0.00    0.00   99.00
17:23:33      26    0.00    0.00    0.00    0.00    0.00    0.00    0.00    0.00    0.00  100.00
17:23:33      27    0.00    0.00    0.00    0.00    0.00    0.00    0.00    0.00    0.00  100.00
17:23:33      28    0.00    0.00    0.00    0.00    0.00    0.00    0.00    0.00    0.00  100.00
17:23:33      29    0.00    0.00    0.00    0.00    0.00    0.00    0.00    0.00    0.00  100.00
17:23:33      30    0.00    0.00    0.00    0.00    0.00    0.00    0.00    0.00    0.00  100.00
17:23:33      31    0.00    0.00    0.00    0.00    0.00    0.00    0.00    0.00    0.00  100.00

17:23:33     CPU    %usr   %nice    %sys %iowait    %irq   %soft  %steal  %guest  %gnice   %idle
17:23:34     all    0.49    0.00    3.57    0.00    0.00    0.71    0.00    0.00    0.00   95.22
17:23:34       0    3.09    0.00   16.49    0.00    0.00    1.03    0.00    0.00    0.00   79.38
17:23:34       1    2.06    0.00   10.31    0.00    0.00    1.03    0.00    0.00    0.00   86.60
17:23:34       2    1.05    0.00   16.84    0.00    0.00    1.05    0.00    0.00    0.00   81.05
17:23:34       3    1.06    0.00   12.77    0.00    0.00    0.00    0.00    0.00    0.00   86.17
17:23:34       4    2.06    0.00   17.53    0.00    0.00    1.03    0.00    0.00    0.00   79.38
17:23:34       5    3.09    0.00   10.31    0.00    0.00    0.00    0.00    0.00    0.00   86.60
17:23:34       6    1.01    0.00    3.03    0.00    0.00    0.00    0.00    0.00    0.00   95.96
17:23:34       7    0.00    0.00    1.01    0.00    0.00    0.00    0.00    0.00    0.00   98.99
17:23:34       8    0.00    0.00    0.00    0.00    0.00    0.00    0.00    0.00    0.00  100.00
17:23:34       9    0.00    0.00    0.00    0.00    0.00    0.00    0.00    0.00    0.00  100.00
17:23:34      10    0.00    0.00    0.00    0.00    0.00    0.00    0.00    0.00    0.00  100.00
17:23:34      11    0.00    0.00    2.04    0.00    0.00    0.00    0.00    0.00    0.00   97.96
17:23:34      12    0.00    0.00    0.00    0.00    0.00    0.00    0.00    0.00    0.00  100.00
17:23:34      13    0.00    0.00    0.00    0.00    0.00    0.00    0.00    0.00    0.00  100.00
17:23:34      14    0.00    0.00    0.00    0.00    0.00    0.00    0.00    0.00    0.00  100.00
17:23:34      15    0.00    0.00    0.00    0.00    0.00    0.00    0.00    0.00    0.00  100.00
17:23:34      16    1.02    0.00    8.16    0.00    0.00    0.00    0.00    0.00    0.00   90.82
17:23:34      17    0.00    0.00    3.00    0.00    0.00    0.00    0.00    0.00    0.00   97.00
17:23:34      18    0.00    0.00    0.00    0.00    0.00    0.00    0.00    0.00    0.00  100.00
17:23:34      19    0.00    0.00    0.00    0.00    0.00    0.00    0.00    0.00    0.00  100.00
17:23:34      20    0.00    0.00    0.00    0.00    0.00    0.00    0.00    0.00    0.00  100.00
17:23:34      21    0.00    0.00    0.00    0.00    0.00    0.00    0.00    0.00    0.00  100.00
17:23:34      22    1.20    0.00    9.64    0.00    0.00   15.66    0.00    0.00    0.00   73.49
17:23:34      23    0.00    0.00    2.67    0.00    0.00    4.00    0.00    0.00    0.00   93.33
17:23:34      24    0.00    0.00    0.00    0.00    0.00    4.17    0.00    0.00    0.00   95.83
17:23:34      25    0.00    0.00    1.00    0.00    0.00    0.00    0.00    0.00    0.00   99.00
17:23:34      26    0.00    0.00    0.00    0.00    0.00    0.00    0.00    0.00    0.00  100.00
17:23:34      27    0.00    0.00    0.00    0.00    0.00    0.00    0.00    0.00    0.00  100.00
17:23:34      28    0.00    0.00    0.00    0.00    0.00    0.00    0.00    0.00    0.00  100.00
17:23:34      29    0.00    0.00    0.00    0.00    0.00    0.00    0.00    0.00    0.00  100.00
17:23:34      30    0.00    0.00    0.00    0.00    0.00    0.00    0.00    0.00    0.00  100.00
17:23:34      31    0.00    0.00    0.99    0.00    0.00    0.00    0.00    0.00    0.00   99.01

Average:     CPU    %usr   %nice    %sys %iowait    %irq   %soft  %steal  %guest  %gnice   %idle
Average:     all    0.69    0.00    4.22    0.00    0.00    1.41    0.00    0.00    0.00   93.69
Average:       0    2.47    0.00   17.30    0.00    0.00    1.54    0.00    0.00    0.00   78.68
Average:       1    2.15    0.00   14.36    0.00    0.00    0.82    0.00    0.00    0.00   82.67
Average:       2    2.26    0.00   15.90    0.00    0.00    0.72    0.00    0.00    0.00   81.13
Average:       3    1.64    0.00   11.28    0.00    0.00    0.41    0.00    0.00    0.00   86.67
Average:       4    2.67    0.00   19.08    0.00    0.00    1.03    0.00    0.00    0.00   77.23
Average:       5    1.52    0.00    9.44    0.00    0.00    0.30    0.00    0.00    0.00   88.73
Average:       6    0.51    0.00    4.15    0.00    0.00    0.20    0.00    0.00    0.00   95.14
Average:       7    0.30    0.00    2.41    0.00    0.00    0.00    0.00    0.00    0.00   97.28
Average:       8    0.20    0.00    0.72    0.00    0.00   13.01    0.00    0.00    0.00   86.07
Average:       9    0.40    0.00    2.22    0.00    0.00    0.91    0.00    0.00    0.00   96.47
Average:      10    0.10    0.00    0.71    0.00    0.00    0.40    0.00    0.00    0.00   98.79
Average:      11    0.92    0.00    5.11    0.00    0.00    2.25    0.00    0.00    0.00   91.73
Average:      12    0.30    0.00    1.11    0.00    0.00    0.00    0.00    0.00    0.00   98.58
Average:      13    0.20    0.00    1.21    0.00    0.00    0.71    0.00    0.00    0.00   97.88
Average:      14    0.10    0.00    0.30    0.00    0.00    0.81    0.00    0.00    0.00   98.79
Average:      15    0.20    0.00    0.40    0.00    0.00    0.40    0.00    0.00    0.00   98.99
Average:      16    0.71    0.00    3.93    0.00    0.00    0.00    0.00    0.00    0.00   95.36
Average:      17    0.10    0.00    0.60    0.00    0.00    0.00    0.00    0.00    0.00   99.30
Average:      18    0.10    0.00    0.90    0.00    0.00    0.00    0.00    0.00    0.00   99.00
Average:      19    0.10    0.00    0.10    0.00    0.00    0.00    0.00    0.00    0.00   99.80
Average:      20    0.00    0.00    0.00    0.00    0.00    0.00    0.00    0.00    0.00  100.00
Average:      21    0.00    0.00    0.10    0.00    0.00    0.00    0.00    0.00    0.00   99.90
Average:      22    0.77    0.00    4.65    0.00    0.00   10.71    0.00    0.00    0.00   83.87
Average:      23    0.27    0.00    0.94    0.00    0.00    4.42    0.00    0.00    0.00   94.37
Average:      24    1.48    0.00    5.91    0.00    0.00   14.29    0.00    0.00    0.00   78.33
Average:      25    0.91    0.00    5.26    0.00    0.00    0.10    0.00    0.00    0.00   93.72
Average:      26    0.41    0.00    1.62    0.00    0.00    0.00    0.00    0.00    0.00   97.97
Average:      27    0.51    0.00    3.04    0.00    0.00    0.00    0.00    0.00    0.00   96.46
Average:      28    0.20    0.00    0.81    0.00    0.00    0.00    0.00    0.00    0.00   98.99
Average:      29    0.40    0.00    0.91    0.00    0.00    0.00    0.00    0.00    0.00   98.69
Average:      30    0.20    0.00    0.71    0.00    0.00    0.00    0.00    0.00    0.00   99.09
Average:      31    0.20    0.00    0.81    0.00    0.00    0.00    0.00    0.00    0.00   98.99
