Linux 7.0.0-22-generic (ms-a2-gateway) 	06/07/26 	_x86_64_	(32 CPU)

17:21:53     CPU    %usr   %nice    %sys %iowait    %irq   %soft  %steal  %guest  %gnice   %idle
17:21:54     all    0.89    0.00    4.42    0.00    0.00    3.53    0.00    0.00    0.00   91.15
17:21:54       0    2.06    0.00   13.40    0.00    0.00    1.03    0.00    0.00    0.00   83.51
17:21:54       1    3.00    0.00   15.00    0.00    0.00    1.00    0.00    0.00    0.00   81.00
17:21:54       2    2.06    0.00   13.40    0.00    0.00    0.00    0.00    0.00    0.00   84.54
17:21:54       3    1.02    0.00   11.22    0.00    0.00    0.00    0.00    0.00    0.00   87.76
17:21:54       4    3.00    0.00   16.00    0.00    0.00    0.00    0.00    0.00    0.00   81.00
17:21:54       5    1.01    0.00    6.06    0.00    0.00    0.00    0.00    0.00    0.00   92.93
17:21:54       6    0.00    0.00    4.00    0.00    0.00    0.00    0.00    0.00    0.00   96.00
17:21:54       7    0.00    0.00    2.00    0.00    0.00    0.00    0.00    0.00    0.00   98.00
17:21:54       8    0.00    0.00    1.03    0.00    0.00   20.62    0.00    0.00    0.00   78.35
17:21:54       9    1.00    0.00    2.00    0.00    0.00    1.00    0.00    0.00    0.00   96.00
17:21:54      10    0.00    0.00    0.00    0.00    0.00    1.02    0.00    0.00    0.00   98.98
17:21:54      11    2.04    0.00    8.16    0.00    0.00    1.02    0.00    0.00    0.00   88.78
17:21:54      12    0.00    0.00    1.02    0.00    0.00    0.00    0.00    0.00    0.00   98.98
17:21:54      13    0.00    0.00    0.00    0.00    0.00    3.06    0.00    0.00    0.00   96.94
17:21:54      14    0.00    0.00    0.00    0.00    0.00    2.00    0.00    0.00    0.00   98.00
17:21:54      15    0.00    0.00    0.00    0.00    0.00    3.06    0.00    0.00    0.00   96.94
17:21:54      16    0.00    0.00    0.00    0.00    0.00    0.00    0.00    0.00    0.00  100.00
17:21:54      17    0.00    0.00    2.02    0.00    0.00    0.00    0.00    0.00    0.00   97.98
17:21:54      18    0.98    0.00    0.98    0.00    0.00    0.00    0.00    0.00    0.00   98.04
17:21:54      19    0.99    0.00    0.99    0.00    0.00    0.00    0.00    0.00    0.00   98.02
17:21:54      20    0.00    0.00    0.00    0.00    0.00    0.00    0.00    0.00    0.00  100.00
17:21:54      21    1.20    0.00    3.61    0.00    0.00    8.43    0.00    0.00    0.00   86.75
17:21:54      22    0.00    0.00    1.03    0.00    0.00   21.65    0.00    0.00    0.00   77.32
17:21:54      23    2.04    0.00   11.22    0.00    0.00   20.41    0.00    0.00    0.00   66.33
17:21:54      24    1.06    0.00    5.32    0.00    0.00   31.91    0.00    0.00    0.00   61.70
17:21:54      25    2.02    0.00   12.12    0.00    0.00    0.00    0.00    0.00    0.00   85.86
17:21:54      26    1.01    0.00    2.02    0.00    0.00    0.00    0.00    0.00    0.00   96.97
17:21:54      27    1.02    0.00    1.02    0.00    0.00    0.00    0.00    0.00    0.00   97.96
17:21:54      28    1.01    0.00    2.02    0.00    0.00    0.00    0.00    0.00    0.00   96.97
17:21:54      29    1.02    0.00    2.04    0.00    0.00    0.00    0.00    0.00    0.00   96.94
17:21:54      30    0.00    0.00    2.02    0.00    0.00    0.00    0.00    0.00    0.00   97.98
17:21:54      31    1.02    0.00    2.04    0.00    0.00    0.00    0.00    0.00    0.00   96.94

17:21:54     CPU    %usr   %nice    %sys %iowait    %irq   %soft  %steal  %guest  %gnice   %idle
17:21:55     all    0.63    0.00    3.27    0.00    0.00    2.70    0.00    0.00    0.00   93.40
17:21:55       0    3.09    0.00   15.46    0.00    0.00    0.00    0.00    0.00    0.00   81.44
17:21:55       1    2.11    0.00   12.63    0.00    0.00    0.00    0.00    0.00    0.00   85.26
17:21:55       2    3.00    0.00   18.00    0.00    0.00    2.00    0.00    0.00    0.00   77.00
17:21:55       3    2.06    0.00   11.34    0.00    0.00    1.03    0.00    0.00    0.00   85.57
17:21:55       4    2.08    0.00   16.67    0.00    0.00    1.04    0.00    0.00    0.00   80.21
17:21:55       5    2.02    0.00   10.10    0.00    0.00    0.00    0.00    0.00    0.00   87.88
17:21:55       6    1.00    0.00    4.00    0.00    0.00    0.00    0.00    0.00    0.00   95.00
17:21:55       7    1.01    0.00    2.02    0.00    0.00    0.00    0.00    0.00    0.00   96.97
17:21:55       8    0.00    0.00    0.00    0.00    0.00    0.00    0.00    0.00    0.00  100.00
17:21:55       9    0.00    0.00    0.00    0.00    0.00    0.00    0.00    0.00    0.00  100.00
17:21:55      10    0.00    0.00    0.00    0.00    0.00    0.00    0.00    0.00    0.00  100.00
17:21:55      11    1.98    0.00    3.96    0.00    0.00    0.00    0.00    0.00    0.00   94.06
17:21:55      12    0.00    0.00    1.00    0.00    0.00    0.00    0.00    0.00    0.00   99.00
17:21:55      13    0.00    0.00    0.00    0.00    0.00    0.00    0.00    0.00    0.00  100.00
17:21:55      14    0.00    0.00    0.00    0.00    0.00    0.00    0.00    0.00    0.00  100.00
17:21:55      15    0.00    0.00    0.00    0.00    0.00    0.00    0.00    0.00    0.00  100.00
17:21:55      16    0.00    0.00    0.00    0.00    0.00    0.00    0.00    0.00    0.00  100.00
17:21:55      17    0.00    0.00    0.00    0.00    0.00    0.00    0.00    0.00    0.00  100.00
17:21:55      18    0.00    0.00    0.00    0.00    0.00    0.00    0.00    0.00    0.00  100.00
17:21:55      19    0.00    0.00    0.00    0.00    0.00    0.00    0.00    0.00    0.00  100.00
17:21:55      20    0.00    0.00    0.00    0.00    0.00    0.00    0.00    0.00    0.00  100.00
17:21:55      21    0.00    0.00    0.00    0.00    0.00    1.30    0.00    0.00    0.00   98.70
17:21:55      22    0.00    0.00    1.04    0.00    0.00   20.83    0.00    0.00    0.00   78.12
17:21:55      23    2.06    0.00    8.25    0.00    0.00   21.65    0.00    0.00    0.00   68.04
17:21:55      24    0.00    0.00    0.00    0.00    0.00   39.80    0.00    0.00    0.00   60.20
17:21:55      25    0.00    0.00    0.99    0.00    0.00    0.00    0.00    0.00    0.00   99.01
17:21:55      26    0.00    0.00    0.00    0.00    0.00    0.00    0.00    0.00    0.00  100.00
17:21:55      27    0.00    0.00    0.00    0.00    0.00    0.00    0.00    0.00    0.00  100.00
17:21:55      28    0.00    0.00    0.00    0.00    0.00    0.00    0.00    0.00    0.00  100.00
17:21:55      29    0.00    0.00    0.00    0.00    0.00    0.00    0.00    0.00    0.00  100.00
17:21:55      30    0.00    0.00    0.00    0.00    0.00    0.00    0.00    0.00    0.00  100.00
17:21:55      31    0.00    0.00    0.00    0.00    0.00    0.00    0.00    0.00    0.00  100.00

17:21:55     CPU    %usr   %nice    %sys %iowait    %irq   %soft  %steal  %guest  %gnice   %idle
17:21:56     all    0.57    0.00    3.46    0.00    0.00    2.60    0.00    0.00    0.00   93.37
17:21:56       0    2.11    0.00   18.95    0.00    0.00    2.11    0.00    0.00    0.00   76.84
17:21:56       1    2.04    0.00   12.24    0.00    0.00    1.02    0.00    0.00    0.00   84.69
17:21:56       2    3.06    0.00   16.33    0.00    0.00    0.00    0.00    0.00    0.00   80.61
17:21:56       3    2.02    0.00   12.12    0.00    0.00    0.00    0.00    0.00    0.00   85.86
17:21:56       4    3.09    0.00   19.59    0.00    0.00    1.03    0.00    0.00    0.00   76.29
17:21:56       5    2.04    0.00   10.20    0.00    0.00    1.02    0.00    0.00    0.00   86.73
17:21:56       6    0.99    0.00    4.95    0.00    0.00    0.00    0.00    0.00    0.00   94.06
17:21:56       7    0.00    0.00    2.97    0.00    0.00    0.00    0.00    0.00    0.00   97.03
17:21:56       8    0.00    0.00    0.00    0.00    0.00    0.00    0.00    0.00    0.00  100.00
17:21:56       9    0.00    0.00    0.00    0.00    0.00    0.00    0.00    0.00    0.00  100.00
17:21:56      10    0.00    0.00    0.00    0.00    0.00    0.00    0.00    0.00    0.00  100.00
17:21:56      11    0.00    0.00    2.00    0.00    0.00    0.00    0.00    0.00    0.00   98.00
17:21:56      12    0.00    0.00    0.00    0.00    0.00    0.00    0.00    0.00    0.00  100.00
17:21:56      13    0.00    0.00    0.00    0.00    0.00    0.00    0.00    0.00    0.00  100.00
17:21:56      14    0.00    0.00    0.00    0.00    0.00    0.00    0.00    0.00    0.00  100.00
17:21:56      15    0.00    0.00    0.00    0.00    0.00    0.00    0.00    0.00    0.00  100.00
17:21:56      16    0.00    0.00    0.00    0.00    0.00    0.00    0.00    0.00    0.00  100.00
17:21:56      17    0.00    0.00    0.00    0.00    0.00    0.00    0.00    0.00    0.00  100.00
17:21:56      18    0.00    0.00    0.00    0.00    0.00    0.00    0.00    0.00    0.00  100.00
17:21:56      19    0.00    0.00    0.00    0.00    0.00    0.00    0.00    0.00    0.00  100.00
17:21:56      20    0.00    0.00    0.00    0.00    0.00    0.00    0.00    0.00    0.00  100.00
17:21:56      21    0.00    0.00    0.00    0.00    0.00    0.00    0.00    0.00    0.00  100.00
17:21:56      22    1.01    0.00    2.02    0.00    0.00   20.20    0.00    0.00    0.00   76.77
17:21:56      23    1.04    0.00    7.29    0.00    0.00   20.83    0.00    0.00    0.00   70.83
17:21:56      24    0.00    0.00    0.00    0.00    0.00   38.95    0.00    0.00    0.00   61.05
17:21:56      25    1.01    0.00    3.03    0.00    0.00    0.00    0.00    0.00    0.00   95.96
17:21:56      26    0.00    0.00    0.00    0.00    0.00    0.00    0.00    0.00    0.00  100.00
17:21:56      27    0.00    0.00    0.00    0.00    0.00    0.00    0.00    0.00    0.00  100.00
17:21:56      28    0.00    0.00    0.00    0.00    0.00    0.00    0.00    0.00    0.00  100.00
17:21:56      29    0.00    0.00    0.00    0.00    0.00    0.00    0.00    0.00    0.00  100.00
17:21:56      30    0.00    0.00    0.00    0.00    0.00    0.00    0.00    0.00    0.00  100.00
17:21:56      31    0.00    0.00    0.00    0.00    0.00    0.00    0.00    0.00    0.00  100.00

17:21:56     CPU    %usr   %nice    %sys %iowait    %irq   %soft  %steal  %guest  %gnice   %idle
17:21:57     all    0.38    0.00    2.99    0.00    0.00    2.80    0.00    0.00    0.00   93.82
17:21:57       0    3.06    0.00   15.31    0.00    0.00    2.04    0.00    0.00    0.00   79.59
17:21:57       1    1.05    0.00   14.74    0.00    0.00    0.00    0.00    0.00    0.00   84.21
17:21:57       2    1.05    0.00   12.63    0.00    0.00    1.05    0.00    0.00    0.00   85.26
17:21:57       3    1.04    0.00   13.54    0.00    0.00    1.04    0.00    0.00    0.00   84.38
17:21:57       4    3.19    0.00   18.09    0.00    0.00    2.13    0.00    0.00    0.00   76.60
17:21:57       5    1.02    0.00   10.20    0.00    0.00    0.00    0.00    0.00    0.00   88.78
17:21:57       6    0.00    0.00    4.12    0.00    0.00    0.00    0.00    0.00    0.00   95.88
17:21:57       7    0.00    0.00    1.01    0.00    0.00    0.00    0.00    0.00    0.00   98.99
17:21:57       8    0.00    0.00    0.00    0.00    0.00    0.00    0.00    0.00    0.00  100.00
17:21:57       9    0.00    0.00    0.00    0.00    0.00    0.00    0.00    0.00    0.00  100.00
17:21:57      10    0.00    0.00    0.00    0.00    0.00    0.00    0.00    0.00    0.00  100.00
17:21:57      11    0.00    0.00    0.00    0.00    0.00    0.00    0.00    0.00    0.00  100.00
17:21:57      12    0.00    0.00    0.00    0.00    0.00    0.00    0.00    0.00    0.00  100.00
17:21:57      13    0.00    0.00    0.00    0.00    0.00    0.00    0.00    0.00    0.00  100.00
17:21:57      14    0.00    0.00    0.00    0.00    0.00    0.00    0.00    0.00    0.00  100.00
17:21:57      15    0.00    0.00    0.00    0.00    0.00    0.00    0.00    0.00    0.00  100.00
17:21:57      16    0.00    0.00    0.00    0.00    0.00    0.00    0.00    0.00    0.00  100.00
17:21:57      17    0.00    0.00    1.00    0.00    0.00    0.00    0.00    0.00    0.00   99.00
17:21:57      18    0.00    0.00    0.00    0.00    0.00    0.00    0.00    0.00    0.00  100.00
17:21:57      19    0.00    0.00    0.00    0.00    0.00    0.00    0.00    0.00    0.00  100.00
17:21:57      20    0.00    0.00    0.00    0.00    0.00    0.00    0.00    0.00    0.00  100.00
17:21:57      21    0.00    0.00    0.00    0.00    0.00    1.28    0.00    0.00    0.00   98.72
17:21:57      22    0.00    0.00    0.00    0.00    0.00   20.83    0.00    0.00    0.00   79.17
17:21:57      23    2.06    0.00    7.22    0.00    0.00   20.62    0.00    0.00    0.00   70.10
17:21:57      24    0.00    0.00    0.00    0.00    0.00   41.84    0.00    0.00    0.00   58.16
17:21:57      25    0.00    0.00    0.00    0.00    0.00    0.00    0.00    0.00    0.00  100.00
17:21:57      26    0.00    0.00    0.00    0.00    0.00    0.00    0.00    0.00    0.00  100.00
17:21:57      27    0.00    0.00    0.00    0.00    0.00    0.00    0.00    0.00    0.00  100.00
17:21:57      28    0.00    0.00    0.00    0.00    0.00    0.00    0.00    0.00    0.00  100.00
17:21:57      29    0.00    0.00    0.00    0.00    0.00    0.00    0.00    0.00    0.00  100.00
17:21:57      30    0.00    0.00    0.00    0.00    0.00    0.00    0.00    0.00    0.00  100.00
17:21:57      31    0.00    0.00    0.00    0.00    0.00    0.00    0.00    0.00    0.00  100.00

17:21:57     CPU    %usr   %nice    %sys %iowait    %irq   %soft  %steal  %guest  %gnice   %idle
17:21:58     all    0.51    0.00    3.36    0.00    0.00    2.85    0.00    0.00    0.00   93.29
17:21:58       0    2.06    0.00   19.59    0.00    0.00    1.03    0.00    0.00    0.00   77.32
17:21:58       1    2.02    0.00   13.13    0.00    0.00    1.01    0.00    0.00    0.00   83.84
17:21:58       2    2.04    0.00   16.33    0.00    0.00    2.04    0.00    0.00    0.00   79.59
17:21:58       3    1.03    0.00   11.34    0.00    0.00    0.00    0.00    0.00    0.00   87.63
17:21:58       4    3.06    0.00   18.37    0.00    0.00    2.04    0.00    0.00    0.00   76.53
17:21:58       5    2.02    0.00   10.10    0.00    0.00    0.00    0.00    0.00    0.00   87.88
17:21:58       6    1.00    0.00    3.00    0.00    0.00    0.00    0.00    0.00    0.00   96.00
17:21:58       7    1.01    0.00    3.03    0.00    0.00    0.00    0.00    0.00    0.00   95.96
17:21:58       8    0.00    0.00    0.00    0.00    0.00    0.00    0.00    0.00    0.00  100.00
17:21:58       9    0.00    0.00    0.00    0.00    0.00    0.00    0.00    0.00    0.00  100.00
17:21:58      10    0.00    0.00    0.00    0.00    0.00    0.00    0.00    0.00    0.00  100.00
17:21:58      11    0.00    0.00    0.00    0.00    0.00    0.00    0.00    0.00    0.00  100.00
17:21:58      12    0.00    0.00    0.00    0.00    0.00    0.00    0.00    0.00    0.00  100.00
17:21:58      13    0.00    0.00    0.00    0.00    0.00    0.00    0.00    0.00    0.00  100.00
17:21:58      14    0.00    0.00    0.00    0.00    0.00    0.00    0.00    0.00    0.00  100.00
17:21:58      15    0.00    0.00    0.00    0.00    0.00    0.00    0.00    0.00    0.00  100.00
17:21:58      16    1.00    0.00    5.00    0.00    0.00    0.00    0.00    0.00    0.00   94.00
17:21:58      17    0.99    0.00    0.99    0.00    0.00    0.00    0.00    0.00    0.00   98.02
17:21:58      18    0.00    0.00    0.00    0.00    0.00    0.00    0.00    0.00    0.00  100.00
17:21:58      19    0.00    0.00    0.00    0.00    0.00    0.00    0.00    0.00    0.00  100.00
17:21:58      20    0.00    0.00    0.00    0.00    0.00    0.00    0.00    0.00    0.00  100.00
17:21:58      21    0.00    0.00    0.00    0.00    0.00    1.30    0.00    0.00    0.00   98.70
17:21:58      22    0.00    0.00    0.00    0.00    0.00   21.43    0.00    0.00    0.00   78.57
17:21:58      23    0.00    0.00    7.22    0.00    0.00   21.65    0.00    0.00    0.00   71.13
17:21:58      24    0.00    0.00    0.00    0.00    0.00   41.84    0.00    0.00    0.00   58.16
17:21:58      25    0.00    0.00    0.00    0.00    0.00    0.00    0.00    0.00    0.00  100.00
17:21:58      26    0.00    0.00    0.00    0.00    0.00    0.00    0.00    0.00    0.00  100.00
17:21:58      27    0.00    0.00    0.00    0.00    0.00    0.00    0.00    0.00    0.00  100.00
17:21:58      28    0.00    0.00    0.00    0.00    0.00    0.00    0.00    0.00    0.00  100.00
17:21:58      29    0.00    0.00    0.00    0.00    0.00    0.00    0.00    0.00    0.00  100.00
17:21:58      30    0.00    0.00    0.00    0.00    0.00    0.00    0.00    0.00    0.00  100.00
17:21:58      31    0.00    0.00    0.00    0.00    0.00    0.00    0.00    0.00    0.00  100.00

17:21:58     CPU    %usr   %nice    %sys %iowait    %irq   %soft  %steal  %guest  %gnice   %idle
17:21:59     all    0.45    0.00    3.34    0.00    0.00    2.61    0.00    0.00    0.00   93.61
17:21:59       0    2.02    0.00   14.14    0.00    0.00    1.01    0.00    0.00    0.00   82.83
17:21:59       1    2.04    0.00   11.22    0.00    0.00    1.02    0.00    0.00    0.00   85.71
17:21:59       2    3.03    0.00   14.14    0.00    0.00    1.01    0.00    0.00    0.00   81.82
17:21:59       3    1.01    0.00   10.10    0.00    0.00    1.01    0.00    0.00    0.00   87.88
17:21:59       4    2.06    0.00   16.49    0.00    0.00    1.03    0.00    0.00    0.00   80.41
17:21:59       5    2.06    0.00    9.28    0.00    0.00    1.03    0.00    0.00    0.00   87.63
17:21:59       6    0.00    0.00    4.08    0.00    0.00    0.00    0.00    0.00    0.00   95.92
17:21:59       7    0.00    0.00    2.00    0.00    0.00    0.00    0.00    0.00    0.00   98.00
17:21:59       8    0.00    0.00    0.00    0.00    0.00    0.00    0.00    0.00    0.00  100.00
17:21:59       9    0.00    0.00    1.00    0.00    0.00    0.00    0.00    0.00    0.00   99.00
17:21:59      10    0.00    0.00    0.00    0.00    0.00    0.00    0.00    0.00    0.00  100.00
17:21:59      11    0.00    0.00    0.00    0.00    0.00    0.00    0.00    0.00    0.00  100.00
17:21:59      12    0.00    0.00    0.00    0.00    0.00    0.00    0.00    0.00    0.00  100.00
17:21:59      13    0.00    0.00    0.99    0.00    0.00    0.00    0.00    0.00    0.00   99.01
17:21:59      14    0.00    0.00    0.00    0.00    0.00    0.00    0.00    0.00    0.00  100.00
17:21:59      15    0.00    0.00    0.00    0.00    0.00    0.00    0.00    0.00    0.00  100.00
17:21:59      16    1.04    0.00   12.50    0.00    0.00    0.00    0.00    0.00    0.00   86.46
17:21:59      17    0.00    0.00    0.00    0.00    0.00    0.00    0.00    0.00    0.00  100.00
17:21:59      18    0.00    0.00    3.09    0.00    0.00    0.00    0.00    0.00    0.00   96.91
17:21:59      19    0.00    0.00    0.00    0.00    0.00    0.00    0.00    0.00    0.00  100.00
17:21:59      20    0.00    0.00    0.00    0.00    0.00    0.00    0.00    0.00    0.00  100.00
17:21:59      21    0.00    0.00    0.00    0.00    0.00    0.00    0.00    0.00    0.00  100.00
17:21:59      22    0.00    0.00    0.00    0.00    0.00   19.79    0.00    0.00    0.00   80.21
17:21:59      23    1.05    0.00    8.42    0.00    0.00   18.95    0.00    0.00    0.00   71.58
17:21:59      24    0.00    0.00    0.00    0.00    0.00   40.62    0.00    0.00    0.00   59.38
17:21:59      25    0.00    0.00    0.00    0.00    0.00    0.00    0.00    0.00    0.00  100.00
17:21:59      26    0.00    0.00    0.00    0.00    0.00    0.00    0.00    0.00    0.00  100.00
17:21:59      27    0.00    0.00    0.00    0.00    0.00    0.00    0.00    0.00    0.00  100.00
17:21:59      28    0.00    0.00    0.00    0.00    0.00    0.00    0.00    0.00    0.00  100.00
17:21:59      29    0.00    0.00    0.00    0.00    0.00    0.00    0.00    0.00    0.00  100.00
17:21:59      30    0.00    0.00    0.00    0.00    0.00    0.00    0.00    0.00    0.00  100.00
17:21:59      31    0.00    0.00    0.00    0.00    0.00    0.00    0.00    0.00    0.00  100.00

17:21:59     CPU    %usr   %nice    %sys %iowait    %irq   %soft  %steal  %guest  %gnice   %idle
17:22:00     all    0.51    0.00    3.30    0.00    0.00    2.70    0.00    0.00    0.00   93.50
17:22:00       0    3.12    0.00   18.75    0.00    0.00    1.04    0.00    0.00    0.00   77.08
17:22:00       1    2.02    0.00   14.14    0.00    0.00    1.01    0.00    0.00    0.00   82.83
17:22:00       2    2.11    0.00   13.68    0.00    0.00    0.00    0.00    0.00    0.00   84.21
17:22:00       3    1.03    0.00   13.40    0.00    0.00    0.00    0.00    0.00    0.00   85.57
17:22:00       4    2.04    0.00   16.33    0.00    0.00    1.02    0.00    0.00    0.00   80.61
17:22:00       5    2.04    0.00   10.20    0.00    0.00    0.00    0.00    0.00    0.00   87.76
17:22:00       6    1.00    0.00    5.00    0.00    0.00    0.00    0.00    0.00    0.00   94.00
17:22:00       7    0.00    0.00    3.03    0.00    0.00    0.00    0.00    0.00    0.00   96.97
17:22:00       8    0.00    0.00    0.00    0.00    0.00    0.00    0.00    0.00    0.00  100.00
17:22:00       9    0.00    0.00    0.00    0.00    0.00    0.00    0.00    0.00    0.00  100.00
17:22:00      10    0.00    0.00    0.00    0.00    0.00    0.00    0.00    0.00    0.00  100.00
17:22:00      11    0.00    0.00    0.00    0.00    0.00    0.00    0.00    0.00    0.00  100.00
17:22:00      12    0.00    0.00    0.00    0.00    0.00    0.00    0.00    0.00    0.00  100.00
17:22:00      13    0.00    0.00    0.00    0.00    0.00    0.00    0.00    0.00    0.00  100.00
17:22:00      14    0.00    0.00    0.00    0.00    0.00    0.00    0.00    0.00    0.00  100.00
17:22:00      15    0.00    0.00    0.00    0.00    0.00    0.00    0.00    0.00    0.00  100.00
17:22:00      16    1.00    0.00    3.00    0.00    0.00    1.00    0.00    0.00    0.00   95.00
17:22:00      17    0.00    0.00    0.00    0.00    0.00    0.00    0.00    0.00    0.00  100.00
17:22:00      18    0.00    0.00    0.00    0.00    0.00    0.00    0.00    0.00    0.00  100.00
17:22:00      19    0.00    0.00    0.00    0.00    0.00    0.00    0.00    0.00    0.00  100.00
17:22:00      20    0.00    0.00    0.00    0.00    0.00    0.00    0.00    0.00    0.00  100.00
17:22:00      21    0.00    0.00    0.00    0.00    0.00    2.56    0.00    0.00    0.00   97.44
17:22:00      22    0.00    0.00    0.00    0.00    0.00   20.41    0.00    0.00    0.00   79.59
17:22:00      23    2.06    0.00    9.28    0.00    0.00   19.59    0.00    0.00    0.00   69.07
17:22:00      24    0.00    0.00    0.00    0.00    0.00   41.24    0.00    0.00    0.00   58.76
17:22:00      25    0.00    0.00    0.00    0.00    0.00    0.00    0.00    0.00    0.00  100.00
17:22:00      26    0.00    0.00    0.00    0.00    0.00    0.00    0.00    0.00    0.00  100.00
17:22:00      27    0.00    0.00    0.00    0.00    0.00    0.00    0.00    0.00    0.00  100.00
17:22:00      28    0.00    0.00    0.00    0.00    0.00    0.00    0.00    0.00    0.00  100.00
17:22:00      29    0.00    0.00    0.00    0.00    0.00    0.00    0.00    0.00    0.00  100.00
17:22:00      30    0.00    0.00    0.00    0.00    0.00    0.00    0.00    0.00    0.00  100.00
17:22:00      31    0.00    0.00    0.00    0.00    0.00    0.00    0.00    0.00    0.00  100.00

17:22:00     CPU    %usr   %nice    %sys %iowait    %irq   %soft  %steal  %guest  %gnice   %idle
17:22:01     all    0.48    0.00    3.33    0.00    0.00    2.73    0.00    0.00    0.00   93.47
17:22:01       0    1.05    0.00   24.21    0.00    0.00    2.11    0.00    0.00    0.00   72.63
17:22:01       1    1.03    0.00   12.37    0.00    0.00    1.03    0.00    0.00    0.00   85.57
17:22:01       2    3.06    0.00   12.24    0.00    0.00    1.02    0.00    0.00    0.00   83.67
17:22:01       3    1.98    0.00   10.89    0.00    0.00    0.99    0.00    0.00    0.00   86.14
17:22:01       4    3.09    0.00   17.53    0.00    0.00    1.03    0.00    0.00    0.00   78.35
17:22:01       5    1.02    0.00   12.24    0.00    0.00    1.02    0.00    0.00    0.00   85.71
17:22:01       6    0.00    0.00    4.95    0.00    0.00    0.00    0.00    0.00    0.00   95.05
17:22:01       7    0.99    0.00    1.98    0.00    0.00    0.00    0.00    0.00    0.00   97.03
17:22:01       8    0.00    0.00    0.00    0.00    0.00    0.00    0.00    0.00    0.00  100.00
17:22:01       9    0.00    0.00    0.00    0.00    0.00    0.00    0.00    0.00    0.00  100.00
17:22:01      10    0.00    0.00    0.00    0.00    0.00    0.00    0.00    0.00    0.00  100.00
17:22:01      11    0.00    0.00    0.00    0.00    0.00    0.00    0.00    0.00    0.00  100.00
17:22:01      12    0.00    0.00    0.00    0.00    0.00    0.00    0.00    0.00    0.00  100.00
17:22:01      13    0.00    0.00    0.00    0.00    0.00    0.00    0.00    0.00    0.00  100.00
17:22:01      14    0.00    0.00    0.00    0.00    0.00    0.00    0.00    0.00    0.00  100.00
17:22:01      15    0.00    0.00    0.00    0.00    0.00    0.00    0.00    0.00    0.00  100.00
17:22:01      16    0.00    0.00    0.00    0.00    0.00    0.00    0.00    0.00    0.00  100.00
17:22:01      17    0.00    0.00    0.00    0.00    0.00    0.00    0.00    0.00    0.00  100.00
17:22:01      18    0.99    0.00    0.99    0.00    0.00    0.00    0.00    0.00    0.00   98.02
17:22:01      19    0.00    0.00    0.00    0.00    0.00    0.00    0.00    0.00    0.00  100.00
17:22:01      20    0.00    0.00    0.00    0.00    0.00    0.00    0.00    0.00    0.00  100.00
17:22:01      21    0.00    0.00    0.00    0.00    0.00    0.00    0.00    0.00    0.00  100.00
17:22:01      22    0.00    0.00    1.04    0.00    0.00   20.83    0.00    0.00    0.00   78.12
17:22:01      23    1.04    0.00    9.38    0.00    0.00   20.83    0.00    0.00    0.00   68.75
17:22:01      24    0.00    0.00    0.00    0.00    0.00   40.62    0.00    0.00    0.00   59.38
17:22:01      25    0.00    0.00    0.00    0.00    0.00    0.00    0.00    0.00    0.00  100.00
17:22:01      26    0.00    0.00    0.00    0.00    0.00    0.00    0.00    0.00    0.00  100.00
17:22:01      27    0.00    0.00    0.00    0.00    0.00    0.00    0.00    0.00    0.00  100.00
17:22:01      28    0.00    0.00    0.00    0.00    0.00    0.00    0.00    0.00    0.00  100.00
17:22:01      29    0.00    0.00    0.00    0.00    0.00    0.00    0.00    0.00    0.00  100.00
17:22:01      30    0.99    0.00    0.00    0.00    0.00    0.00    0.00    0.00    0.00   99.01
17:22:01      31    0.00    0.00    0.00    0.00    0.00    0.00    0.00    0.00    0.00  100.00

17:22:01     CPU    %usr   %nice    %sys %iowait    %irq   %soft  %steal  %guest  %gnice   %idle
17:22:02     all    0.48    0.00    3.42    0.00    0.00    2.85    0.00    0.00    0.00   93.25
17:22:02       0    2.97    0.00   16.83    0.00    0.00    0.99    0.00    0.00    0.00   79.21
17:22:02       1    2.06    0.00   11.34    0.00    0.00    0.00    0.00    0.00    0.00   86.60
17:22:02       2    1.03    0.00   15.46    0.00    0.00    0.00    0.00    0.00    0.00   83.51
17:22:02       3    1.04    0.00   11.46    0.00    0.00    0.00    0.00    0.00    0.00   87.50
17:22:02       4    2.13    0.00   17.02    0.00    0.00    1.06    0.00    0.00    0.00   79.79
17:22:02       5    2.04    0.00    9.18    0.00    0.00    0.00    0.00    0.00    0.00   88.78
17:22:02       6    1.00    0.00    4.00    0.00    0.00    0.00    0.00    0.00    0.00   95.00
17:22:02       7    0.00    0.00    2.02    0.00    0.00    0.00    0.00    0.00    0.00   97.98
17:22:02       8    0.00    0.00    0.00    0.00    0.00    0.00    0.00    0.00    0.00  100.00
17:22:02       9    0.00    0.00    0.00    0.00    0.00    0.00    0.00    0.00    0.00  100.00
17:22:02      10    0.00    0.00    0.00    0.00    0.00    0.00    0.00    0.00    0.00  100.00
17:22:02      11    0.00    0.00    0.00    0.00    0.00    0.00    0.00    0.00    0.00  100.00
17:22:02      12    0.00    0.00    0.00    0.00    0.00    0.00    0.00    0.00    0.00  100.00
17:22:02      13    0.00    0.00    0.00    0.00    0.00    0.00    0.00    0.00    0.00  100.00
17:22:02      14    0.00    0.00    0.00    0.00    0.00    0.00    0.00    0.00    0.00  100.00
17:22:02      15    0.00    0.00    0.00    0.00    0.00    0.00    0.00    0.00    0.00  100.00
17:22:02      16    1.01    0.00   11.11    0.00    0.00    0.00    0.00    0.00    0.00   87.88
17:22:02      17    0.00    0.00    0.00    0.00    0.00    0.00    0.00    0.00    0.00  100.00
17:22:02      18    0.00    0.00    0.00    0.00    0.00    0.00    0.00    0.00    0.00  100.00
17:22:02      19    0.00    0.00    0.00    0.00    0.00    0.00    0.00    0.00    0.00  100.00
17:22:02      20    0.00    0.00    0.00    0.00    0.00    0.00    0.00    0.00    0.00  100.00
17:22:02      21    0.00    0.00    3.61    0.00    0.00    8.43    0.00    0.00    0.00   87.95
17:22:02      22    0.00    0.00    0.00    0.00    0.00   21.65    0.00    0.00    0.00   78.35
17:22:02      23    2.06    0.00    8.25    0.00    0.00   19.59    0.00    0.00    0.00   70.10
17:22:02      24    0.00    0.00    0.00    0.00    0.00   41.84    0.00    0.00    0.00   58.16
17:22:02      25    0.00    0.00    0.99    0.00    0.00    0.00    0.00    0.00    0.00   99.01
17:22:02      26    0.00    0.00    0.00    0.00    0.00    0.00    0.00    0.00    0.00  100.00
17:22:02      27    0.00    0.00    0.00    0.00    0.00    0.00    0.00    0.00    0.00  100.00
17:22:02      28    0.00    0.00    0.00    0.00    0.00    0.00    0.00    0.00    0.00  100.00
17:22:02      29    0.00    0.00    0.00    0.00    0.00    0.00    0.00    0.00    0.00  100.00
17:22:02      30    0.00    0.00    0.00    0.00    0.00    0.00    0.00    0.00    0.00  100.00
17:22:02      31    0.00    0.00    0.00    0.00    0.00    0.00    0.00    0.00    0.00  100.00

17:22:02     CPU    %usr   %nice    %sys %iowait    %irq   %soft  %steal  %guest  %gnice   %idle
17:22:03     all    0.63    0.00    3.89    0.00    0.00    2.50    0.00    0.00    0.00   92.98
17:22:03       0    2.04    0.00   17.35    0.00    0.00    2.04    0.00    0.00    0.00   78.57
17:22:03       1    2.06    0.00    9.28    0.00    0.00    0.00    0.00    0.00    0.00   88.66
17:22:03       2    4.00    0.00   15.00    0.00    0.00    1.00    0.00    0.00    0.00   80.00
17:22:03       3    1.94    0.00    9.71    0.00    0.00    0.97    0.00    0.00    0.00   87.38
17:22:03       4    3.03    0.00   15.15    0.00    0.00    1.01    0.00    0.00    0.00   80.81
17:22:03       5    1.01    0.00    8.08    0.00    0.00    0.00    0.00    0.00    0.00   90.91
17:22:03       6    0.00    0.00    2.00    0.00    0.00    0.00    0.00    0.00    0.00   98.00
17:22:03       7    0.00    0.00    1.01    0.00    0.00    0.00    0.00    0.00    0.00   98.99
17:22:03       8    0.00    0.00    0.00    0.00    0.00    0.00    0.00    0.00    0.00  100.00
17:22:03       9    0.00    0.00    1.01    0.00    0.00    0.00    0.00    0.00    0.00   98.99
17:22:03      10    0.00    0.00    0.00    0.00    0.00    0.00    0.00    0.00    0.00  100.00
17:22:03      11    1.98    0.00   11.88    0.00    0.00    0.00    0.00    0.00    0.00   86.14
17:22:03      12    0.00    0.00    1.00    0.00    0.00    0.00    0.00    0.00    0.00   99.00
17:22:03      13    0.00    0.00    1.00    0.00    0.00    0.00    0.00    0.00    0.00   99.00
17:22:03      14    0.00    0.00    0.00    0.00    0.00    0.00    0.00    0.00    0.00  100.00
17:22:03      15    0.00    0.00    0.00    0.00    0.00    0.00    0.00    0.00    0.00  100.00
17:22:03      16    1.03    0.00   12.37    0.00    0.00    0.00    0.00    0.00    0.00   86.60
17:22:03      17    0.00    0.00    1.00    0.00    0.00    0.00    0.00    0.00    0.00   99.00
17:22:03      18    0.00    0.00    2.00    0.00    0.00    0.00    0.00    0.00    0.00   98.00
17:22:03      19    0.00    0.00    0.00    0.00    0.00    0.00    0.00    0.00    0.00  100.00
17:22:03      20    0.00    0.00    0.00    0.00    0.00    0.00    0.00    0.00    0.00  100.00
17:22:03      21    0.00    0.00    0.00    0.00    0.00    5.00    0.00    0.00    0.00   95.00
17:22:03      22    1.02    0.00    1.02    0.00    0.00   19.39    0.00    0.00    0.00   78.57
17:22:03      23    1.03    0.00    9.28    0.00    0.00   20.62    0.00    0.00    0.00   69.07
17:22:03      24    1.06    0.00    3.19    0.00    0.00   32.98    0.00    0.00    0.00   62.77
17:22:03      25    0.00    0.00    3.00    0.00    0.00    0.00    0.00    0.00    0.00   97.00
17:22:03      26    0.00    0.00    0.00    0.00    0.00    0.00    0.00    0.00    0.00  100.00
17:22:03      27    0.00    0.00    0.00    0.00    0.00    0.00    0.00    0.00    0.00  100.00
17:22:03      28    0.00    0.00    0.00    0.00    0.00    0.00    0.00    0.00    0.00  100.00
17:22:03      29    0.00    0.00    0.00    0.00    0.00    0.00    0.00    0.00    0.00  100.00
17:22:03      30    0.00    0.00    0.00    0.00    0.00    0.00    0.00    0.00    0.00  100.00
17:22:03      31    0.00    0.00    0.00    0.00    0.00    0.00    0.00    0.00    0.00  100.00

Average:     CPU    %usr   %nice    %sys %iowait    %irq   %soft  %steal  %guest  %gnice   %idle
Average:     all    0.55    0.00    3.48    0.00    0.00    2.79    0.00    0.00    0.00   93.18
Average:       0    2.36    0.00   17.37    0.00    0.00    1.34    0.00    0.00    0.00   78.93
Average:       1    1.95    0.00   12.62    0.00    0.00    0.62    0.00    0.00    0.00   84.82
Average:       2    2.46    0.00   14.74    0.00    0.00    0.82    0.00    0.00    0.00   81.99
Average:       3    1.42    0.00   11.50    0.00    0.00    0.51    0.00    0.00    0.00   86.57
Average:       4    2.68    0.00   17.11    0.00    0.00    1.13    0.00    0.00    0.00   79.07
Average:       5    1.63    0.00    9.56    0.00    0.00    0.31    0.00    0.00    0.00   88.50
Average:       6    0.50    0.00    4.01    0.00    0.00    0.00    0.00    0.00    0.00   95.49
Average:       7    0.30    0.00    2.11    0.00    0.00    0.00    0.00    0.00    0.00   97.59
Average:       8    0.00    0.00    0.10    0.00    0.00    2.01    0.00    0.00    0.00   97.89
Average:       9    0.10    0.00    0.40    0.00    0.00    0.10    0.00    0.00    0.00   99.40
Average:      10    0.00    0.00    0.00    0.00    0.00    0.10    0.00    0.00    0.00   99.90
Average:      11    0.60    0.00    2.60    0.00    0.00    0.10    0.00    0.00    0.00   96.70
Average:      12    0.00    0.00    0.30    0.00    0.00    0.00    0.00    0.00    0.00   99.70
Average:      13    0.00    0.00    0.20    0.00    0.00    0.30    0.00    0.00    0.00   99.50
Average:      14    0.00    0.00    0.00    0.00    0.00    0.20    0.00    0.00    0.00   99.80
Average:      15    0.00    0.00    0.00    0.00    0.00    0.30    0.00    0.00    0.00   99.70
Average:      16    0.50    0.00    4.33    0.00    0.00    0.10    0.00    0.00    0.00   95.06
Average:      17    0.10    0.00    0.50    0.00    0.00    0.00    0.00    0.00    0.00   99.40
Average:      18    0.20    0.00    0.70    0.00    0.00    0.00    0.00    0.00    0.00   99.10
Average:      19    0.10    0.00    0.10    0.00    0.00    0.00    0.00    0.00    0.00   99.80
Average:      20    0.00    0.00    0.00    0.00    0.00    0.00    0.00    0.00    0.00  100.00
Average:      21    0.13    0.00    0.76    0.00    0.00    2.93    0.00    0.00    0.00   96.18
Average:      22    0.21    0.00    0.62    0.00    0.00   20.70    0.00    0.00    0.00   78.48
Average:      23    1.45    0.00    8.58    0.00    0.00   20.48    0.00    0.00    0.00   69.49
Average:      24    0.21    0.00    0.83    0.00    0.00   39.21    0.00    0.00    0.00   59.75
Average:      25    0.30    0.00    2.00    0.00    0.00    0.00    0.00    0.00    0.00   97.70
Average:      26    0.10    0.00    0.20    0.00    0.00    0.00    0.00    0.00    0.00   99.70
Average:      27    0.10    0.00    0.10    0.00    0.00    0.00    0.00    0.00    0.00   99.80
Average:      28    0.10    0.00    0.20    0.00    0.00    0.00    0.00    0.00    0.00   99.70
Average:      29    0.10    0.00    0.20    0.00    0.00    0.00    0.00    0.00    0.00   99.70
Average:      30    0.10    0.00    0.20    0.00    0.00    0.00    0.00    0.00    0.00   99.70
Average:      31    0.10    0.00    0.20    0.00    0.00    0.00    0.00    0.00    0.00   99.70
