Linux 7.0.0-22-generic (ms-a2-gateway) 	06/07/26 	_x86_64_	(32 CPU)

17:23:54     CPU    %usr   %nice    %sys %iowait    %irq   %soft  %steal  %guest  %gnice   %idle
17:23:55     all    1.26    0.00    5.28    0.00    0.00    4.81    0.00    0.00    0.00   88.65
17:23:55       0    2.02    0.00   11.11    0.00    0.00    0.00    0.00    0.00    0.00   86.87
17:23:55       1    1.02    0.00    9.18    0.00    0.00    1.02    0.00    0.00    0.00   88.78
17:23:55       2    3.00    0.00   12.00    0.00    0.00    0.00    0.00    0.00    0.00   85.00
17:23:55       3    2.04    0.00    9.18    0.00    0.00    0.00    0.00    0.00    0.00   88.78
17:23:55       4    2.02    0.00   12.12    0.00    0.00    0.00    0.00    0.00    0.00   85.86
17:23:55       5    0.00    0.00    5.00    0.00    0.00    0.00    0.00    0.00    0.00   95.00
17:23:55       6    0.00    0.00    2.02    0.00    0.00    0.00    0.00    0.00    0.00   97.98
17:23:55       7    0.99    0.00    0.00    0.00    0.00    0.00    0.00    0.00    0.00   99.01
17:23:55       8    0.00    0.00    0.00    0.00    0.00   87.23    0.00    0.00    0.00   12.77
17:23:55       9    1.03    0.00    5.15    0.00    0.00    0.00    0.00    0.00    0.00   93.81
17:23:55      10    0.00    0.00    1.11    0.00    0.00    8.89    0.00    0.00    0.00   90.00
17:23:55      11    3.23    0.00   11.83    0.00    0.00    1.08    0.00    0.00    0.00   83.87
17:23:55      12    1.11    0.00    4.44    0.00    0.00    0.00    0.00    0.00    0.00   94.44
17:23:55      13    0.00    0.00    1.09    0.00    0.00    3.26    0.00    0.00    0.00   95.65
17:23:55      14    0.00    0.00    0.00    0.00    0.00    7.78    0.00    0.00    0.00   92.22
17:23:55      15    0.00    0.00    1.05    0.00    0.00    2.11    0.00    0.00    0.00   96.84
17:23:55      16    1.01    0.00    4.04    0.00    0.00    0.00    0.00    0.00    0.00   94.95
17:23:55      17    0.00    0.00    0.00    0.00    0.00    0.00    0.00    0.00    0.00  100.00
17:23:55      18    0.00    0.00    0.00    0.00    0.00    0.00    0.00    0.00    0.00  100.00
17:23:55      19    0.00    0.00    0.00    0.00    0.00    0.00    0.00    0.00    0.00  100.00
17:23:55      20    0.00    0.00    0.00    0.00    0.00    0.00    0.00    0.00    0.00  100.00
17:23:55      21    3.09    0.00   10.31    0.00    0.00   19.59    0.00    0.00    0.00   67.01
17:23:55      22    0.00    0.00    1.16    0.00    0.00   19.77    0.00    0.00    0.00   79.07
17:23:55      23    1.06    0.00    7.45    0.00    0.00   18.09    0.00    0.00    0.00   73.40
17:23:55      24    2.30    0.00   11.49    0.00    0.00   29.89    0.00    0.00    0.00   56.32
17:23:55      25    4.30    0.00   12.90    0.00    0.00    1.08    0.00    0.00    0.00   81.72
17:23:55      26    1.08    0.00    4.30    0.00    0.00    0.00    0.00    0.00    0.00   94.62
17:23:55      27    3.16    0.00    9.47    0.00    0.00    1.05    0.00    0.00    0.00   86.32
17:23:55      28    2.08    0.00    6.25    0.00    0.00    0.00    0.00    0.00    0.00   91.67
17:23:55      29    3.19    0.00    8.51    0.00    0.00    1.06    0.00    0.00    0.00   87.23
17:23:55      30    1.03    0.00    2.06    0.00    0.00    0.00    0.00    0.00    0.00   96.91
17:23:55      31    1.04    0.00    3.12    0.00    0.00    0.00    0.00    0.00    0.00   95.83

17:23:55     CPU    %usr   %nice    %sys %iowait    %irq   %soft  %steal  %guest  %gnice   %idle
17:23:56     all    0.95    0.00    6.99    0.00    0.00    2.35    0.00    0.00    0.00   89.71
17:23:56       0    2.00    0.00   52.00    0.00    0.00    1.00    0.00    0.00    0.00   45.00
17:23:56       1    1.02    0.00   16.33    0.00    0.00    0.00    0.00    0.00    0.00   82.65
17:23:56       2    1.03    0.00   24.74    0.00    0.00    1.03    0.00    0.00    0.00   73.20
17:23:56       3    3.06    0.00   11.22    0.00    0.00    0.00    0.00    0.00    0.00   85.71
17:23:56       4    2.06    0.00   45.36    0.00    0.00    1.03    0.00    0.00    0.00   51.55
17:23:56       5    1.02    0.00    9.18    0.00    0.00    0.00    0.00    0.00    0.00   89.80
17:23:56       6    1.01    0.00    6.06    0.00    0.00    1.01    0.00    0.00    0.00   91.92
17:23:56       7    1.01    0.00    4.04    0.00    0.00    0.00    0.00    0.00    0.00   94.95
17:23:56       8    0.00    0.00    0.00    0.00    0.00   30.26    0.00    0.00    0.00   69.74
17:23:56       9    1.02    0.00    2.04    0.00    0.00    0.00    0.00    0.00    0.00   96.94
17:23:56      10    0.00    0.00    0.00    0.00    0.00    3.12    0.00    0.00    0.00   96.88
17:23:56      11    2.06    0.00    6.19    0.00    0.00    0.00    0.00    0.00    0.00   91.75
17:23:56      12    1.02    0.00    3.06    0.00    0.00    0.00    0.00    0.00    0.00   95.92
17:23:56      13    1.03    0.00    1.03    0.00    0.00    2.06    0.00    0.00    0.00   95.88
17:23:56      14    0.00    0.00    0.00    0.00    0.00    5.15    0.00    0.00    0.00   94.85
17:23:56      15    1.02    0.00    0.00    0.00    0.00    1.02    0.00    0.00    0.00   97.96
17:23:56      16    0.00    0.00    0.00    0.00    0.00    0.00    0.00    0.00    0.00  100.00
17:23:56      17    0.00    0.00    0.99    0.00    0.00    0.00    0.00    0.00    0.00   99.01
17:23:56      18    0.00    0.00    0.00    0.00    0.00    0.00    0.00    0.00    0.00  100.00
17:23:56      19    0.00    0.00    1.00    0.00    0.00    0.00    0.00    0.00    0.00   99.00
17:23:56      20    0.00    0.00    0.00    0.00    0.00    0.00    0.00    0.00    0.00  100.00
17:23:56      21    2.06    0.00   11.34    0.00    0.00   10.31    0.00    0.00    0.00   76.29
17:23:56      22    0.00    0.00    0.00    0.00    0.00    3.12    0.00    0.00    0.00   96.88
17:23:56      23    1.14    0.00    2.27    0.00    0.00   11.36    0.00    0.00    0.00   85.23
17:23:56      24    2.35    0.00    4.71    0.00    0.00   14.12    0.00    0.00    0.00   78.82
17:23:56      25    1.03    0.00    4.12    0.00    0.00    0.00    0.00    0.00    0.00   94.85
17:23:56      26    1.02    0.00    2.04    0.00    0.00    0.00    0.00    0.00    0.00   96.94
17:23:56      27    2.06    0.00    5.15    0.00    0.00    0.00    0.00    0.00    0.00   92.78
17:23:56      28    1.02    0.00    1.02    0.00    0.00    0.00    0.00    0.00    0.00   97.96
17:23:56      29    1.04    0.00    3.12    0.00    0.00    0.00    0.00    0.00    0.00   95.83
17:23:56      30    0.00    0.00    2.00    0.00    0.00    0.00    0.00    0.00    0.00   98.00
17:23:56      31    0.00    0.00    0.00    0.00    0.00    0.00    0.00    0.00    0.00  100.00

17:23:56     CPU    %usr   %nice    %sys %iowait    %irq   %soft  %steal  %guest  %gnice   %idle
17:23:57     all    0.48    0.00    3.45    0.00    0.00    0.87    0.00    0.00    0.00   95.19
17:23:57       0    1.02    0.00    5.10    0.00    0.00    0.00    0.00    0.00    0.00   93.88
17:23:57       1    2.02    0.00    9.09    0.00    0.00    1.01    0.00    0.00    0.00   87.88
17:23:57       2    1.02    0.00   14.29    0.00    0.00    0.00    0.00    0.00    0.00   84.69
17:23:57       3    1.00    0.00    9.00    0.00    0.00    1.00    0.00    0.00    0.00   89.00
17:23:57       4    3.03    0.00   16.16    0.00    0.00    1.01    0.00    0.00    0.00   79.80
17:23:57       5    1.01    0.00    7.07    0.00    0.00    0.00    0.00    0.00    0.00   91.92
17:23:57       6    0.00    0.00    3.03    0.00    0.00    0.00    0.00    0.00    0.00   96.97
17:23:57       7    0.00    0.00    1.00    0.00    0.00    0.00    0.00    0.00    0.00   99.00
17:23:57       8    0.00    0.00    0.00    0.00    0.00    0.00    0.00    0.00    0.00  100.00
17:23:57       9    0.00    0.00    0.00    0.00    0.00    0.00    0.00    0.00    0.00  100.00
17:23:57      10    0.00    0.00    0.00    0.00    0.00    0.00    0.00    0.00    0.00  100.00
17:23:57      11    0.00    0.00    1.00    0.00    0.00    0.00    0.00    0.00    0.00   99.00
17:23:57      12    0.00    0.00    0.00    0.00    0.00    0.00    0.00    0.00    0.00  100.00
17:23:57      13    0.00    0.00    0.00    0.00    0.00    0.00    0.00    0.00    0.00  100.00
17:23:57      14    0.00    0.00    0.00    0.00    0.00    0.00    0.00    0.00    0.00  100.00
17:23:57      15    0.00    0.00    0.00    0.00    0.00    0.00    0.00    0.00    0.00  100.00
17:23:57      16    4.21    0.00   31.58    0.00    0.00    3.16    0.00    0.00    0.00   61.05
17:23:57      17    0.00    0.00    0.00    0.00    0.00    0.00    0.00    0.00    0.00  100.00
17:23:57      18    0.00    0.00    0.00    0.00    0.00    0.00    0.00    0.00    0.00  100.00
17:23:57      19    0.00    0.00    0.00    0.00    0.00    0.00    0.00    0.00    0.00  100.00
17:23:57      20    0.00    0.00    0.00    0.00    0.00    0.00    0.00    0.00    0.00  100.00
17:23:57      21    2.27    0.00   10.23    0.00    0.00   13.64    0.00    0.00    0.00   73.86
17:23:57      22    0.00    0.00    0.00    0.00    0.00    1.28    0.00    0.00    0.00   98.72
17:23:57      23    0.00    0.00    3.53    0.00    0.00    8.24    0.00    0.00    0.00   88.24
17:23:57      24    0.00    0.00    0.00    0.00    0.00    1.67    0.00    0.00    0.00   98.33
17:23:57      25    0.00    0.00    0.00    0.00    0.00    0.00    0.00    0.00    0.00  100.00
17:23:57      26    0.00    0.00    0.00    0.00    0.00    0.00    0.00    0.00    0.00  100.00
17:23:57      27    0.00    0.00    0.00    0.00    0.00    0.00    0.00    0.00    0.00  100.00
17:23:57      28    0.00    0.00    0.00    0.00    0.00    0.00    0.00    0.00    0.00  100.00
17:23:57      29    0.00    0.00    0.00    0.00    0.00    0.00    0.00    0.00    0.00  100.00
17:23:57      30    0.00    0.00    0.00    0.00    0.00    0.00    0.00    0.00    0.00  100.00
17:23:57      31    0.00    0.00    0.00    0.00    0.00    0.00    0.00    0.00    0.00  100.00

17:23:57     CPU    %usr   %nice    %sys %iowait    %irq   %soft  %steal  %guest  %gnice   %idle
17:23:58     all    0.55    0.00    3.51    0.00    0.00    0.71    0.00    0.00    0.00   95.23
17:23:58       0    3.03    0.00   11.11    0.00    0.00    0.00    0.00    0.00    0.00   85.86
17:23:58       1    2.04    0.00    9.18    0.00    0.00    0.00    0.00    0.00    0.00   88.78
17:23:58       2    2.06    0.00   11.34    0.00    0.00    1.03    0.00    0.00    0.00   85.57
17:23:58       3    2.02    0.00   10.10    0.00    0.00    0.00    0.00    0.00    0.00   87.88
17:23:58       4    2.04    0.00   15.31    0.00    0.00    1.02    0.00    0.00    0.00   81.63
17:23:58       5    0.99    0.00    5.94    0.00    0.00    0.99    0.00    0.00    0.00   92.08
17:23:58       6    0.00    0.00    1.98    0.00    0.00    0.00    0.00    0.00    0.00   98.02
17:23:58       7    0.00    0.00    2.02    0.00    0.00    0.00    0.00    0.00    0.00   97.98
17:23:58       8    0.00    0.00    0.99    0.00    0.00    0.00    0.00    0.00    0.00   99.01
17:23:58       9    0.00    0.00    1.98    0.00    0.00    0.99    0.00    0.00    0.00   97.03
17:23:58      10    0.00    0.00    0.00    0.00    0.00    0.00    0.00    0.00    0.00  100.00
17:23:58      11    2.04    0.00   11.22    0.00    0.00    1.02    0.00    0.00    0.00   85.71
17:23:58      12    0.00    0.00    0.00    0.00    0.00    0.00    0.00    0.00    0.00  100.00
17:23:58      13    0.00    0.00    1.01    0.00    0.00    0.00    0.00    0.00    0.00   98.99
17:23:58      14    0.00    0.00    0.00    0.00    0.00    0.00    0.00    0.00    0.00  100.00
17:23:58      15    0.00    0.00    0.00    0.00    0.00    0.00    0.00    0.00    0.00  100.00
17:23:58      16    1.04    0.00   14.58    0.00    0.00    2.08    0.00    0.00    0.00   82.29
17:23:58      17    0.00    0.00    0.00    0.00    0.00    0.00    0.00    0.00    0.00  100.00
17:23:58      18    0.00    0.00    0.00    0.00    0.00    0.00    0.00    0.00    0.00  100.00
17:23:58      19    0.00    0.00    0.00    0.00    0.00    0.00    0.00    0.00    0.00  100.00
17:23:58      20    0.00    0.00    0.00    0.00    0.00    0.00    0.00    0.00    0.00  100.00
17:23:58      21    2.35    0.00   10.59    0.00    0.00    9.41    0.00    0.00    0.00   77.65
17:23:58      22    0.00    0.00    0.00    0.00    0.00    0.00    0.00    0.00    0.00  100.00
17:23:58      23    0.00    0.00    1.23    0.00    0.00    4.94    0.00    0.00    0.00   93.83
17:23:58      24    0.00    0.00    5.63    0.00    0.00    4.23    0.00    0.00    0.00   90.14
17:23:58      25    0.00    0.00    0.00    0.00    0.00    0.00    0.00    0.00    0.00  100.00
17:23:58      26    0.00    0.00    0.00    0.00    0.00    0.00    0.00    0.00    0.00  100.00
17:23:58      27    0.00    0.00    0.00    0.00    0.00    0.00    0.00    0.00    0.00  100.00
17:23:58      28    0.00    0.00    0.00    0.00    0.00    0.00    0.00    0.00    0.00  100.00
17:23:58      29    0.00    0.00    0.00    0.00    0.00    0.00    0.00    0.00    0.00  100.00
17:23:58      30    0.00    0.00    0.00    0.00    0.00    0.00    0.00    0.00    0.00  100.00
17:23:58      31    0.00    0.00    0.00    0.00    0.00    0.00    0.00    0.00    0.00  100.00

17:23:58     CPU    %usr   %nice    %sys %iowait    %irq   %soft  %steal  %guest  %gnice   %idle
17:23:59     all    0.64    0.00    3.70    0.00    0.00    0.80    0.00    0.00    0.00   94.86
17:23:59       0    2.02    0.00   15.15    0.00    0.00    1.01    0.00    0.00    0.00   81.82
17:23:59       1    2.02    0.00   11.11    0.00    0.00    0.00    0.00    0.00    0.00   86.87
17:23:59       2    2.04    0.00   11.22    0.00    0.00    1.02    0.00    0.00    0.00   85.71
17:23:59       3    1.02    0.00    9.18    0.00    0.00    1.02    0.00    0.00    0.00   88.78
17:23:59       4    3.00    0.00   15.00    0.00    0.00    0.00    0.00    0.00    0.00   82.00
17:23:59       5    1.00    0.00    5.00    0.00    0.00    0.00    0.00    0.00    0.00   94.00
17:23:59       6    0.00    0.00    1.02    0.00    0.00    0.00    0.00    0.00    0.00   98.98
17:23:59       7    0.00    0.00    1.00    0.00    0.00    0.00    0.00    0.00    0.00   99.00
17:23:59       8    0.00    0.00    0.00    0.00    0.00    0.00    0.00    0.00    0.00  100.00
17:23:59       9    0.00    0.00    3.06    0.00    0.00    0.00    0.00    0.00    0.00   96.94
17:23:59      10    0.00    0.00    0.00    0.00    0.00    0.00    0.00    0.00    0.00  100.00
17:23:59      11    2.04    0.00   11.22    0.00    0.00    0.00    0.00    0.00    0.00   86.73
17:23:59      12    0.00    0.00    0.00    0.00    0.00    0.00    0.00    0.00    0.00  100.00
17:23:59      13    0.00    0.00    2.02    0.00    0.00    0.00    0.00    0.00    0.00   97.98
17:23:59      14    0.00    0.00    0.00    0.00    0.00    0.00    0.00    0.00    0.00  100.00
17:23:59      15    0.00    0.00    0.00    0.00    0.00    0.00    0.00    0.00    0.00  100.00
17:23:59      16    2.00    0.00   10.00    0.00    0.00    0.00    0.00    0.00    0.00   88.00
17:23:59      17    0.99    0.00    1.98    0.00    0.00    0.00    0.00    0.00    0.00   97.03
17:23:59      18    0.00    0.00    0.00    0.00    0.00    0.00    0.00    0.00    0.00  100.00
17:23:59      19    0.00    0.00    0.00    0.00    0.00    0.00    0.00    0.00    0.00  100.00
17:23:59      20    0.00    0.00    0.00    0.00    0.00    0.00    0.00    0.00    0.00  100.00
17:23:59      21    1.16    0.00   11.63    0.00    0.00   10.47    0.00    0.00    0.00   76.74
17:23:59      22    0.00    0.00    0.00    0.00    0.00    1.27    0.00    0.00    0.00   98.73
17:23:59      23    1.19    0.00    2.38    0.00    0.00    5.95    0.00    0.00    0.00   90.48
17:23:59      24    2.63    0.00    9.21    0.00    0.00    9.21    0.00    0.00    0.00   78.95
17:23:59      25    0.00    0.00    0.00    0.00    0.00    0.00    0.00    0.00    0.00  100.00
17:23:59      26    0.00    0.00    0.00    0.00    0.00    0.00    0.00    0.00    0.00  100.00
17:23:59      27    0.00    0.00    0.00    0.00    0.00    0.00    0.00    0.00    0.00  100.00
17:23:59      28    0.00    0.00    0.00    0.00    0.00    0.00    0.00    0.00    0.00  100.00
17:23:59      29    0.00    0.00    0.00    0.00    0.00    0.00    0.00    0.00    0.00  100.00
17:23:59      30    0.00    0.00    0.00    0.00    0.00    0.00    0.00    0.00    0.00  100.00
17:23:59      31    0.00    0.00    0.00    0.00    0.00    0.00    0.00    0.00    0.00  100.00

17:23:59     CPU    %usr   %nice    %sys %iowait    %irq   %soft  %steal  %guest  %gnice   %idle
17:24:00     all    0.71    0.00    3.80    0.00    0.00    0.58    0.00    0.00    0.00   94.91
17:24:00       0    3.09    0.00    9.28    0.00    0.00    1.03    0.00    0.00    0.00   86.60
17:24:00       1    1.01    0.00    7.07    0.00    0.00    0.00    0.00    0.00    0.00   91.92
17:24:00       2    1.02    0.00   11.22    0.00    0.00    0.00    0.00    0.00    0.00   87.76
17:24:00       3    1.01    0.00    6.06    0.00    0.00    0.00    0.00    0.00    0.00   92.93
17:24:00       4    3.00    0.00   15.00    0.00    0.00    1.00    0.00    0.00    0.00   81.00
17:24:00       5    0.00    0.00    7.14    0.00    0.00    0.00    0.00    0.00    0.00   92.86
17:24:00       6    0.00    0.00    0.99    0.00    0.00    0.00    0.00    0.00    0.00   99.01
17:24:00       7    0.00    0.00    0.00    0.00    0.00    0.00    0.00    0.00    0.00  100.00
17:24:00       8    0.00    0.00    0.00    0.00    0.00    0.00    0.00    0.00    0.00  100.00
17:24:00       9    1.00    0.00    2.00    0.00    0.00    0.00    0.00    0.00    0.00   97.00
17:24:00      10    0.00    0.00    0.00    0.00    0.00    0.00    0.00    0.00    0.00  100.00
17:24:00      11    4.04    0.00   21.21    0.00    0.00    1.01    0.00    0.00    0.00   73.74
17:24:00      12    0.00    0.00    0.00    0.00    0.00    0.00    0.00    0.00    0.00  100.00
17:24:00      13    0.00    0.00    2.00    0.00    0.00    0.00    0.00    0.00    0.00   98.00
17:24:00      14    0.00    0.00    0.00    0.00    0.00    0.00    0.00    0.00    0.00  100.00
17:24:00      15    0.00    0.00    0.00    0.00    0.00    0.00    0.00    0.00    0.00  100.00
17:24:00      16    5.10    0.00   28.57    0.00    0.00    2.04    0.00    0.00    0.00   64.29
17:24:00      17    0.00    0.00    3.03    0.00    0.00    1.01    0.00    0.00    0.00   95.96
17:24:00      18    0.00    0.00    0.00    0.00    0.00    0.00    0.00    0.00    0.00  100.00
17:24:00      19    0.00    0.00    0.00    0.00    0.00    0.00    0.00    0.00    0.00  100.00
17:24:00      20    0.00    0.00    0.00    0.00    0.00    0.00    0.00    0.00    0.00  100.00
17:24:00      21    0.00    0.00    0.00    0.00    0.00    1.28    0.00    0.00    0.00   98.72
17:24:00      22    1.20    0.00    3.61    0.00    0.00    4.82    0.00    0.00    0.00   90.36
17:24:00      23    0.00    0.00    0.00    0.00    0.00    2.53    0.00    0.00    0.00   97.47
17:24:00      24    2.63    0.00    3.95    0.00    0.00    6.58    0.00    0.00    0.00   86.84
17:24:00      25    0.00    0.00    0.00    0.00    0.00    0.00    0.00    0.00    0.00  100.00
17:24:00      26    0.00    0.00    0.00    0.00    0.00    0.00    0.00    0.00    0.00  100.00
17:24:00      27    0.00    0.00    0.00    0.00    0.00    0.00    0.00    0.00    0.00  100.00
17:24:00      28    0.00    0.00    0.00    0.00    0.00    0.00    0.00    0.00    0.00  100.00
17:24:00      29    0.00    0.00    0.00    0.00    0.00    0.00    0.00    0.00    0.00  100.00
17:24:00      30    0.00    0.00    0.00    0.00    0.00    0.00    0.00    0.00    0.00  100.00
17:24:00      31    0.00    0.00    0.00    0.00    0.00    0.00    0.00    0.00    0.00  100.00

17:24:00     CPU    %usr   %nice    %sys %iowait    %irq   %soft  %steal  %guest  %gnice   %idle
17:24:01     all    0.52    0.00    3.46    0.00    0.00    0.61    0.00    0.00    0.00   95.41
17:24:01       0    0.00    0.00   13.40    0.00    0.00    1.03    0.00    0.00    0.00   85.57
17:24:01       1    2.06    0.00   11.34    0.00    0.00    1.03    0.00    0.00    0.00   85.57
17:24:01       2    2.08    0.00   11.46    0.00    0.00    1.04    0.00    0.00    0.00   85.42
17:24:01       3    1.01    0.00    9.09    0.00    0.00    0.00    0.00    0.00    0.00   89.90
17:24:01       4    2.13    0.00   13.83    0.00    0.00    1.06    0.00    0.00    0.00   82.98
17:24:01       5    1.01    0.00    7.07    0.00    0.00    0.00    0.00    0.00    0.00   91.92
17:24:01       6    1.01    0.00    2.02    0.00    0.00    0.00    0.00    0.00    0.00   96.97
17:24:01       7    0.00    0.00    1.00    0.00    0.00    0.00    0.00    0.00    0.00   99.00
17:24:01       8    0.00    0.00    0.00    0.00    0.00    0.00    0.00    0.00    0.00  100.00
17:24:01       9    0.00    0.00    2.02    0.00    0.00    0.00    0.00    0.00    0.00   97.98
17:24:01      10    0.00    0.00    0.00    0.00    0.00    0.00    0.00    0.00    0.00  100.00
17:24:01      11    3.03    0.00   14.14    0.00    0.00    1.01    0.00    0.00    0.00   81.82
17:24:01      12    0.00    0.00    0.00    0.00    0.00    0.00    0.00    0.00    0.00  100.00
17:24:01      13    0.00    0.00    1.01    0.00    0.00    0.00    0.00    0.00    0.00   98.99
17:24:01      14    0.00    0.00    0.00    0.00    0.00    0.00    0.00    0.00    0.00  100.00
17:24:01      15    0.00    0.00    0.00    0.00    0.00    0.00    0.00    0.00    0.00  100.00
17:24:01      16    3.09    0.00   15.46    0.00    0.00    0.00    0.00    0.00    0.00   81.44
17:24:01      17    0.00    0.00    0.00    0.00    0.00    0.00    0.00    0.00    0.00  100.00
17:24:01      18    0.00    0.00    0.00    0.00    0.00    0.00    0.00    0.00    0.00  100.00
17:24:01      19    0.00    0.00    0.00    0.00    0.00    0.00    0.00    0.00    0.00  100.00
17:24:01      20    0.00    0.00    0.00    0.00    0.00    0.00    0.00    0.00    0.00  100.00
17:24:01      21    1.20    0.00    4.82    0.00    0.00    6.02    0.00    0.00    0.00   87.95
17:24:01      22    0.00    0.00    0.00    0.00    0.00    1.27    0.00    0.00    0.00   98.73
17:24:01      23    0.00    0.00    1.23    0.00    0.00    2.47    0.00    0.00    0.00   96.30
17:24:01      24    0.00    0.00    2.70    0.00    0.00    8.11    0.00    0.00    0.00   89.19
17:24:01      25    0.00    0.00    1.00    0.00    0.00    0.00    0.00    0.00    0.00   99.00
17:24:01      26    0.00    0.00    0.00    0.00    0.00    0.00    0.00    0.00    0.00  100.00
17:24:01      27    0.00    0.00    0.00    0.00    0.00    0.00    0.00    0.00    0.00  100.00
17:24:01      28    0.00    0.00    0.00    0.00    0.00    0.00    0.00    0.00    0.00  100.00
17:24:01      29    0.00    0.00    0.00    0.00    0.00    0.00    0.00    0.00    0.00  100.00
17:24:01      30    0.00    0.00    0.00    0.00    0.00    0.00    0.00    0.00    0.00  100.00
17:24:01      31    0.00    0.00    0.00    0.00    0.00    0.00    0.00    0.00    0.00  100.00

17:24:01     CPU    %usr   %nice    %sys %iowait    %irq   %soft  %steal  %guest  %gnice   %idle
17:24:02     all    0.74    0.00    3.54    0.00    0.00    0.61    0.00    0.00    0.00   95.10
17:24:02       0    3.03    0.00   15.15    0.00    0.00    2.02    0.00    0.00    0.00   79.80
17:24:02       1    2.04    0.00   10.20    0.00    0.00    0.00    0.00    0.00    0.00   87.76
17:24:02       2    3.00    0.00   13.00    0.00    0.00    0.00    0.00    0.00    0.00   84.00
17:24:02       3    2.02    0.00    7.07    0.00    0.00    0.00    0.00    0.00    0.00   90.91
17:24:02       4    3.06    0.00   15.31    0.00    0.00    0.00    0.00    0.00    0.00   81.63
17:24:02       5    1.01    0.00    4.04    0.00    0.00    0.00    0.00    0.00    0.00   94.95
17:24:02       6    0.00    0.00    2.02    0.00    0.00    0.00    0.00    0.00    0.00   97.98
17:24:02       7    0.00    0.00    0.00    0.00    0.00    0.00    0.00    0.00    0.00  100.00
17:24:02       8    0.00    0.00    0.00    0.00    0.00    0.00    0.00    0.00    0.00  100.00
17:24:02       9    0.00    0.00    2.02    0.00    0.00    0.00    0.00    0.00    0.00   97.98
17:24:02      10    0.00    0.00    0.00    0.00    0.00    0.00    0.00    0.00    0.00  100.00
17:24:02      11    2.04    0.00   10.20    0.00    0.00    0.00    0.00    0.00    0.00   87.76
17:24:02      12    0.00    0.00    0.00    0.00    0.00    0.00    0.00    0.00    0.00  100.00
17:24:02      13    0.00    0.00    2.00    0.00    0.00    0.00    0.00    0.00    0.00   98.00
17:24:02      14    0.00    0.00    0.00    0.00    0.00    0.00    0.00    0.00    0.00  100.00
17:24:02      15    0.00    0.00    0.00    0.00    0.00    0.00    0.00    0.00    0.00  100.00
17:24:02      16    2.04    0.00   10.20    0.00    0.00    1.02    0.00    0.00    0.00   86.73
17:24:02      17    1.00    0.00    1.00    0.00    0.00    0.00    0.00    0.00    0.00   98.00
17:24:02      18    0.00    0.00    0.00    0.00    0.00    0.00    0.00    0.00    0.00  100.00
17:24:02      19    0.00    0.00    0.00    0.00    0.00    0.00    0.00    0.00    0.00  100.00
17:24:02      20    1.02    0.00    5.10    0.00    0.00    0.00    0.00    0.00    0.00   93.88
17:24:02      21    2.33    0.00   10.47    0.00    0.00    8.14    0.00    0.00    0.00   79.07
17:24:02      22    0.00    0.00    0.00    0.00    0.00    2.50    0.00    0.00    0.00   97.50
17:24:02      23    0.00    0.00    0.00    0.00    0.00    2.50    0.00    0.00    0.00   97.50
17:24:02      24    1.37    0.00    6.85    0.00    0.00    6.85    0.00    0.00    0.00   84.93
17:24:02      25    0.00    0.00    0.00    0.00    0.00    0.00    0.00    0.00    0.00  100.00
17:24:02      26    0.00    0.00    0.00    0.00    0.00    0.00    0.00    0.00    0.00  100.00
17:24:02      27    0.00    0.00    0.00    0.00    0.00    0.00    0.00    0.00    0.00  100.00
17:24:02      28    0.00    0.00    0.00    0.00    0.00    0.00    0.00    0.00    0.00  100.00
17:24:02      29    0.00    0.00    0.00    0.00    0.00    0.00    0.00    0.00    0.00  100.00
17:24:02      30    0.00    0.00    0.00    0.00    0.00    0.00    0.00    0.00    0.00  100.00
17:24:02      31    0.00    0.00    0.00    0.00    0.00    0.00    0.00    0.00    0.00  100.00

17:24:02     CPU    %usr   %nice    %sys %iowait    %irq   %soft  %steal  %guest  %gnice   %idle
17:24:03     all    0.71    0.00    3.67    0.00    0.00    1.03    0.00    0.00    0.00   94.60
17:24:03       0    2.04    0.00   15.31    0.00    0.00    1.02    0.00    0.00    0.00   81.63
17:24:03       1    1.03    0.00   10.31    0.00    0.00    0.00    0.00    0.00    0.00   88.66
17:24:03       2    2.06    0.00    9.28    0.00    0.00    0.00    0.00    0.00    0.00   88.66
17:24:03       3    2.00    0.00    6.00    0.00    0.00    1.00    0.00    0.00    0.00   91.00
17:24:03       4    2.06    0.00    9.28    0.00    0.00    0.00    0.00    0.00    0.00   88.66
17:24:03       5    0.00    0.00    5.05    0.00    0.00    0.00    0.00    0.00    0.00   94.95
17:24:03       6    0.99    0.00    4.95    0.00    0.00    0.00    0.00    0.00    0.00   94.06
17:24:03       7    0.99    0.00    1.98    0.00    0.00    0.00    0.00    0.00    0.00   97.03
17:24:03       8    0.00    0.00    2.02    0.00    0.00    0.00    0.00    0.00    0.00   97.98
17:24:03       9    1.01    0.00    5.05    0.00    0.00    0.00    0.00    0.00    0.00   93.94
17:24:03      10    0.00    0.00    0.00    0.00    0.00    0.00    0.00    0.00    0.00  100.00
17:24:03      11    3.12    0.00   12.50    0.00    0.00    1.04    0.00    0.00    0.00   83.33
17:24:03      12    0.00    0.00    0.00    0.00    0.00    0.00    0.00    0.00    0.00  100.00
17:24:03      13    0.99    0.00    1.98    0.00    0.00    0.00    0.00    0.00    0.00   97.03
17:24:03      14    0.00    0.00    0.00    0.00    0.00    0.00    0.00    0.00    0.00  100.00
17:24:03      15    0.00    0.00    0.00    0.00    0.00    0.00    0.00    0.00    0.00  100.00
17:24:03      16    1.03    0.00    2.06    0.00    0.00    0.00    0.00    0.00    0.00   96.91
17:24:03      17    0.00    0.00    0.00    0.00    0.00    0.00    0.00    0.00    0.00  100.00
17:24:03      18    0.00    0.00    0.00    0.00    0.00    0.00    0.00    0.00    0.00  100.00
17:24:03      19    0.00    0.00    0.00    0.00    0.00    0.00    0.00    0.00    0.00  100.00
17:24:03      20    2.00    0.00   10.00    0.00    0.00    1.00    0.00    0.00    0.00   87.00
17:24:03      21    2.25    0.00   14.61    0.00    0.00   13.48    0.00    0.00    0.00   69.66
17:24:03      22    0.00    0.00    1.27    0.00    0.00    2.53    0.00    0.00    0.00   96.20
17:24:03      23    0.00    0.00    0.00    0.00    0.00    2.53    0.00    0.00    0.00   97.47
17:24:03      24    1.23    0.00    7.41    0.00    0.00   14.81    0.00    0.00    0.00   76.54
17:24:03      25    0.00    0.00    0.00    0.00    0.00    0.00    0.00    0.00    0.00  100.00
17:24:03      26    0.00    0.00    0.00    0.00    0.00    0.00    0.00    0.00    0.00  100.00
17:24:03      27    0.00    0.00    0.00    0.00    0.00    0.00    0.00    0.00    0.00  100.00
17:24:03      28    0.00    0.00    0.00    0.00    0.00    0.00    0.00    0.00    0.00  100.00
17:24:03      29    0.00    0.00    0.00    0.00    0.00    0.00    0.00    0.00    0.00  100.00
17:24:03      30    0.00    0.00    0.00    0.00    0.00    0.00    0.00    0.00    0.00  100.00
17:24:03      31    0.00    0.00    0.00    0.00    0.00    0.00    0.00    0.00    0.00  100.00

17:24:03     CPU    %usr   %nice    %sys %iowait    %irq   %soft  %steal  %guest  %gnice   %idle
17:24:04     all    0.42    0.00    3.20    0.00    0.00    0.81    0.00    0.00    0.00   95.57
17:24:04       0    1.04    0.00   11.46    0.00    0.00    0.00    0.00    0.00    0.00   87.50
17:24:04       1    1.02    0.00    7.14    0.00    0.00    1.02    0.00    0.00    0.00   90.82
17:24:04       2    2.00    0.00   14.00    0.00    0.00    1.00    0.00    0.00    0.00   83.00
17:24:04       3    0.00    0.00    8.25    0.00    0.00    0.00    0.00    0.00    0.00   91.75
17:24:04       4    1.01    0.00    5.05    0.00    0.00    1.01    0.00    0.00    0.00   92.93
17:24:04       5    1.00    0.00    4.00    0.00    0.00    0.00    0.00    0.00    0.00   95.00
17:24:04       6    0.00    0.00    2.02    0.00    0.00    0.00    0.00    0.00    0.00   97.98
17:24:04       7    0.00    0.00    3.00    0.00    0.00    0.00    0.00    0.00    0.00   97.00
17:24:04       8    0.00    0.00    0.00    0.00    0.00    0.00    0.00    0.00    0.00  100.00
17:24:04       9    0.00    0.00    0.00    0.00    0.00    0.00    0.00    0.00    0.00  100.00
17:24:04      10    0.00    0.00    0.00    0.00    0.00    0.00    0.00    0.00    0.00  100.00
17:24:04      11    0.00    0.00    0.00    0.00    0.00    0.00    0.00    0.00    0.00  100.00
17:24:04      12    0.00    0.00    0.00    0.00    0.00    0.00    0.00    0.00    0.00  100.00
17:24:04      13    0.00    0.00    0.00    0.00    0.00    0.00    0.00    0.00    0.00  100.00
17:24:04      14    0.00    0.00    0.00    0.00    0.00    0.00    0.00    0.00    0.00  100.00
17:24:04      15    0.00    0.00    0.00    0.00    0.00    0.00    0.00    0.00    0.00  100.00
17:24:04      16    1.02    0.00    9.18    0.00    0.00    1.02    0.00    0.00    0.00   88.78
17:24:04      17    0.00    0.00    0.00    0.00    0.00    0.00    0.00    0.00    0.00  100.00
17:24:04      18    0.00    0.00    0.00    0.00    0.00    0.00    0.00    0.00    0.00  100.00
17:24:04      19    0.00    0.00    0.00    0.00    0.00    0.00    0.00    0.00    0.00  100.00
17:24:04      20    3.16    0.00   22.11    0.00    0.00    2.11    0.00    0.00    0.00   72.63
17:24:04      21    2.25    0.00   14.61    0.00    0.00   12.36    0.00    0.00    0.00   70.79
17:24:04      22    1.22    0.00    2.44    0.00    0.00    6.10    0.00    0.00    0.00   90.24
17:24:04      23    0.00    0.00    0.00    0.00    0.00    2.53    0.00    0.00    0.00   97.47
17:24:04      24    0.00    0.00    0.00    0.00    0.00    1.64    0.00    0.00    0.00   98.36
17:24:04      25    0.00    0.00    0.00    0.00    0.00    0.00    0.00    0.00    0.00  100.00
17:24:04      26    0.00    0.00    0.00    0.00    0.00    0.00    0.00    0.00    0.00  100.00
17:24:04      27    0.00    0.00    0.00    0.00    0.00    0.00    0.00    0.00    0.00  100.00
17:24:04      28    0.00    0.00    0.00    0.00    0.00    0.00    0.00    0.00    0.00  100.00
17:24:04      29    0.00    0.00    0.00    0.00    0.00    0.00    0.00    0.00    0.00  100.00
17:24:04      30    0.00    0.00    0.00    0.00    0.00    0.00    0.00    0.00    0.00  100.00
17:24:04      31    0.00    0.00    0.00    0.00    0.00    0.00    0.00    0.00    0.00  100.00

Average:     CPU    %usr   %nice    %sys %iowait    %irq   %soft  %steal  %guest  %gnice   %idle
Average:     all    0.70    0.00    4.05    0.00    0.00    1.31    0.00    0.00    0.00   93.94
Average:       0    1.93    0.00   15.99    0.00    0.00    0.71    0.00    0.00    0.00   81.36
Average:       1    1.53    0.00   10.09    0.00    0.00    0.41    0.00    0.00    0.00   87.97
Average:       2    1.94    0.00   13.25    0.00    0.00    0.51    0.00    0.00    0.00   84.30
Average:       3    1.52    0.00    8.51    0.00    0.00    0.30    0.00    0.00    0.00   89.67
Average:       4    2.34    0.00   16.21    0.00    0.00    0.61    0.00    0.00    0.00   80.84
Average:       5    0.70    0.00    5.94    0.00    0.00    0.10    0.00    0.00    0.00   93.25
Average:       6    0.30    0.00    2.61    0.00    0.00    0.10    0.00    0.00    0.00   96.98
Average:       7    0.30    0.00    1.40    0.00    0.00    0.00    0.00    0.00    0.00   98.30
Average:       8    0.00    0.00    0.33    0.00    0.00    6.95    0.00    0.00    0.00   92.73
Average:       9    0.40    0.00    2.32    0.00    0.00    0.10    0.00    0.00    0.00   97.17
Average:      10    0.00    0.00    0.10    0.00    0.00    1.12    0.00    0.00    0.00   98.78
Average:      11    2.15    0.00    9.92    0.00    0.00    0.51    0.00    0.00    0.00   87.42
Average:      12    0.20    0.00    0.71    0.00    0.00    0.00    0.00    0.00    0.00   99.09
Average:      13    0.20    0.00    1.22    0.00    0.00    0.51    0.00    0.00    0.00   98.07
Average:      14    0.00    0.00    0.00    0.00    0.00    1.22    0.00    0.00    0.00   98.78
Average:      15    0.10    0.00    0.10    0.00    0.00    0.30    0.00    0.00    0.00   99.50
Average:      16    2.05    0.00   12.49    0.00    0.00    0.92    0.00    0.00    0.00   84.54
Average:      17    0.20    0.00    0.70    0.00    0.00    0.10    0.00    0.00    0.00   99.00
Average:      18    0.00    0.00    0.00    0.00    0.00    0.00    0.00    0.00    0.00  100.00
Average:      19    0.00    0.00    0.10    0.00    0.00    0.00    0.00    0.00    0.00   99.90
Average:      20    0.60    0.00    3.63    0.00    0.00    0.30    0.00    0.00    0.00   95.47
Average:      21    1.94    0.00   10.02    0.00    0.00   10.71    0.00    0.00    0.00   77.33
Average:      22    0.25    0.00    0.89    0.00    0.00    4.44    0.00    0.00    0.00   94.42
Average:      23    0.36    0.00    1.93    0.00    0.00    6.39    0.00    0.00    0.00   91.33
Average:      24    1.34    0.00    5.51    0.00    0.00   10.48    0.00    0.00    0.00   82.66
Average:      25    0.51    0.00    1.72    0.00    0.00    0.10    0.00    0.00    0.00   97.68
Average:      26    0.20    0.00    0.61    0.00    0.00    0.00    0.00    0.00    0.00   99.19
Average:      27    0.50    0.00    1.41    0.00    0.00    0.10    0.00    0.00    0.00   97.98
Average:      28    0.30    0.00    0.70    0.00    0.00    0.00    0.00    0.00    0.00   98.99
Average:      29    0.40    0.00    1.11    0.00    0.00    0.10    0.00    0.00    0.00   98.38
Average:      30    0.10    0.00    0.40    0.00    0.00    0.00    0.00    0.00    0.00   99.50
Average:      31    0.10    0.00    0.30    0.00    0.00    0.00    0.00    0.00    0.00   99.60
