Linux 7.0.0-22-generic (ms-a2-gateway) 	06/07/26 	_x86_64_	(32 CPU)

17:24:04     CPU    %usr   %nice    %sys %iowait    %irq   %soft  %steal  %guest  %gnice   %idle
17:24:05     all    2.44    0.00    4.55    0.00    0.00    4.49    0.00    0.00    0.00   88.52
17:24:05       0    2.02    0.00   20.20    0.00    0.00    1.01    0.00    0.00    0.00   76.77
17:24:05       1    2.04    0.00   12.24    0.00    0.00    1.02    0.00    0.00    0.00   84.69
17:24:05       2    2.04    0.00   12.24    0.00    0.00    0.00    0.00    0.00    0.00   85.71
17:24:05       3    1.00    0.00    5.00    0.00    0.00    0.00    0.00    0.00    0.00   94.00
17:24:05       4    3.09    0.00   16.49    0.00    0.00    0.00    0.00    0.00    0.00   80.41
17:24:05       5    0.00    0.00    2.04    0.00    0.00    0.00    0.00    0.00    0.00   97.96
17:24:05       6    0.00    0.00    0.00    0.00    0.00    0.00    0.00    0.00    0.00  100.00
17:24:05       7    0.00    0.00    0.99    0.00    0.00    0.99    0.00    0.00    0.00   98.02
17:24:05       8   51.00    0.00    0.00    0.00    0.00   49.00    0.00    0.00    0.00    0.00
17:24:05       9    0.00    0.00    2.08    0.00    0.00    2.08    0.00    0.00    0.00   95.83
17:24:05      10    0.00    0.00    1.09    0.00    0.00   16.30    0.00    0.00    0.00   82.61
17:24:05      11    1.01    0.00    2.02    0.00    0.00    2.02    0.00    0.00    0.00   94.95
17:24:05      12    0.00    0.00    2.04    0.00    0.00    2.04    0.00    0.00    0.00   95.92
17:24:05      13    0.00    0.00    2.11    0.00    0.00    0.00    0.00    0.00    0.00   97.89
17:24:05      14    1.02    0.00    1.02    0.00    0.00    1.02    0.00    0.00    0.00   96.94
17:24:05      15    0.00    0.00    2.04    0.00    0.00    3.06    0.00    0.00    0.00   94.90
17:24:05      16    0.00    0.00    0.00    0.00    0.00    0.00    0.00    0.00    0.00  100.00
17:24:05      17    0.00    0.00    0.00    0.00    0.00    0.00    0.00    0.00    0.00  100.00
17:24:05      18    0.00    0.00    0.00    0.00    0.00    0.00    0.00    0.00    0.00  100.00
17:24:05      19    0.00    0.00    0.00    0.00    0.00    0.00    0.00    0.00    0.00  100.00
17:24:05      20    0.00    0.00    0.00    0.00    0.00    0.00    0.00    0.00    0.00  100.00
17:24:05      21    1.16    0.00    3.49    0.00    0.00    9.30    0.00    0.00    0.00   86.05
17:24:05      22    1.10    0.00    4.40    0.00    0.00   14.29    0.00    0.00    0.00   80.22
17:24:05      23    1.22    0.00    7.32    0.00    0.00   13.41    0.00    0.00    0.00   78.05
17:24:05      24    2.15    0.00   11.83    0.00    0.00   30.11    0.00    0.00    0.00   55.91
17:24:05      25    2.08    0.00   10.42    0.00    0.00    0.00    0.00    0.00    0.00   87.50
17:24:05      26    1.11    0.00    5.56    0.00    0.00    1.11    0.00    0.00    0.00   92.22
17:24:05      27    1.09    0.00    8.70    0.00    0.00    0.00    0.00    0.00    0.00   90.22
17:24:05      28    0.00    0.00    4.26    0.00    0.00    0.00    0.00    0.00    0.00   95.74
17:24:05      29    1.05    0.00    2.11    0.00    0.00    0.00    0.00    0.00    0.00   96.84
17:24:05      30    0.00    0.00    2.13    0.00    0.00    0.00    0.00    0.00    0.00   97.87
17:24:05      31    2.11    0.00    5.26    0.00    0.00    0.00    0.00    0.00    0.00   92.63

17:24:05     CPU    %usr   %nice    %sys %iowait    %irq   %soft  %steal  %guest  %gnice   %idle
17:24:06     all    3.79    0.00    4.15    0.00    0.00    1.98    0.00    0.00    0.00   90.08
17:24:06       0    3.06    0.00   19.39    0.00    0.00    1.02    0.00    0.00    0.00   76.53
17:24:06       1    1.01    0.00    9.09    0.00    0.00    0.00    0.00    0.00    0.00   89.90
17:24:06       2    2.02    0.00   12.12    0.00    0.00    1.01    0.00    0.00    0.00   84.85
17:24:06       3    1.01    0.00    4.04    0.00    0.00    0.00    0.00    0.00    0.00   94.95
17:24:06       4    3.09    0.00   17.53    0.00    0.00    1.03    0.00    0.00    0.00   78.35
17:24:06       5    1.01    0.00    5.05    0.00    0.00    0.00    0.00    0.00    0.00   93.94
17:24:06       6    0.00    0.00    0.00    0.00    0.00    0.00    0.00    0.00    0.00  100.00
17:24:06       7    0.00    0.00    0.00    0.00    0.00    0.00    0.00    0.00    0.00  100.00
17:24:06       8  100.00    0.00    0.00    0.00    0.00    0.00    0.00    0.00    0.00    0.00
17:24:06       9    1.00    0.00    4.00    0.00    0.00    0.00    0.00    0.00    0.00   95.00
17:24:06      10    1.01    0.00    8.08    0.00    0.00    0.00    0.00    0.00    0.00   90.91
17:24:06      11    0.00    0.00    0.00    0.00    0.00    0.00    0.00    0.00    0.00  100.00
17:24:06      12    0.00    0.00    0.00    0.00    0.00    0.00    0.00    0.00    0.00  100.00
17:24:06      13    0.00    0.00    0.00    0.00    0.00    0.00    0.00    0.00    0.00  100.00
17:24:06      14    0.00    0.00    0.00    0.00    0.00    0.00    0.00    0.00    0.00  100.00
17:24:06      15    0.00    0.00    0.00    0.00    0.00    0.00    0.00    0.00    0.00  100.00
17:24:06      16    0.00    0.00    0.00    0.00    0.00    0.00    0.00    0.00    0.00  100.00
17:24:06      17    0.00    0.00    0.00    0.00    0.00    0.00    0.00    0.00    0.00  100.00
17:24:06      18    0.00    0.00    0.00    0.00    0.00    0.00    0.00    0.00    0.00  100.00
17:24:06      19    0.00    0.00    0.00    0.00    0.00    0.00    0.00    0.00    0.00  100.00
17:24:06      20    0.00    0.00    0.00    0.00    0.00    0.00    0.00    0.00    0.00  100.00
17:24:06      21    0.00    0.00    7.95    0.00    0.00   12.50    0.00    0.00    0.00   79.55
17:24:06      22    1.15    0.00    6.90    0.00    0.00   13.79    0.00    0.00    0.00   78.16
17:24:06      23    1.22    0.00    7.32    0.00    0.00    7.32    0.00    0.00    0.00   84.15
17:24:06      24    1.09    0.00   10.87    0.00    0.00   32.61    0.00    0.00    0.00   55.43
17:24:06      25    1.01    0.00    9.09    0.00    0.00    0.00    0.00    0.00    0.00   89.90
17:24:06      26    0.00    0.00    4.04    0.00    0.00    0.00    0.00    0.00    0.00   95.96
17:24:06      27    1.98    0.00    3.96    0.00    0.00    0.00    0.00    0.00    0.00   94.06
17:24:06      28    0.00    0.00    0.99    0.00    0.00    0.00    0.00    0.00    0.00   99.01
17:24:06      29    0.00    0.00    5.10    0.00    0.00    0.00    0.00    0.00    0.00   94.90
17:24:06      30    0.00    0.00    0.00    0.00    0.00    0.00    0.00    0.00    0.00  100.00
17:24:06      31    0.00    0.00    0.00    0.00    0.00    0.00    0.00    0.00    0.00  100.00

17:24:06     CPU    %usr   %nice    %sys %iowait    %irq   %soft  %steal  %guest  %gnice   %idle
17:24:07     all    3.93    0.00    4.03    0.00    0.00    1.79    0.00    0.00    0.00   90.25
17:24:07       0    3.12    0.00   21.88    0.00    0.00    2.08    0.00    0.00    0.00   72.92
17:24:07       1    2.04    0.00   10.20    0.00    0.00    0.00    0.00    0.00    0.00   87.76
17:24:07       2    2.04    0.00   13.27    0.00    0.00    0.00    0.00    0.00    0.00   84.69
17:24:07       3    1.01    0.00    4.04    0.00    0.00    0.00    0.00    0.00    0.00   94.95
17:24:07       4    3.09    0.00   16.49    0.00    0.00    0.00    0.00    0.00    0.00   80.41
17:24:07       5    0.99    0.00    1.98    0.00    0.00    0.00    0.00    0.00    0.00   97.03
17:24:07       6    0.00    0.00    0.00    0.00    0.00    0.00    0.00    0.00    0.00  100.00
17:24:07       7    0.00    0.00    1.00    0.00    0.00    0.00    0.00    0.00    0.00   99.00
17:24:07       8  100.00    0.00    0.00    0.00    0.00    0.00    0.00    0.00    0.00    0.00
17:24:07       9    1.01    0.00    9.09    0.00    0.00    0.00    0.00    0.00    0.00   89.90
17:24:07      10    0.00    0.00    8.33    0.00    0.00    0.00    0.00    0.00    0.00   91.67
17:24:07      11    0.00    0.00    0.00    0.00    0.00    0.00    0.00    0.00    0.00  100.00
17:24:07      12    0.00    0.00    0.00    0.00    0.00    0.00    0.00    0.00    0.00  100.00
17:24:07      13    0.00    0.00    0.00    0.00    0.00    0.00    0.00    0.00    0.00  100.00
17:24:07      14    0.00    0.00    0.00    0.00    0.00    0.00    0.00    0.00    0.00  100.00
17:24:07      15    0.00    0.00    0.00    0.00    0.00    0.00    0.00    0.00    0.00  100.00
17:24:07      16    0.00    0.00    0.00    0.00    0.00    0.00    0.00    0.00    0.00  100.00
17:24:07      17    0.00    0.00    0.00    0.00    0.00    0.00    0.00    0.00    0.00  100.00
17:24:07      18    0.00    0.00    0.00    0.00    0.00    0.00    0.00    0.00    0.00  100.00
17:24:07      19    0.00    0.00    0.00    0.00    0.00    0.00    0.00    0.00    0.00  100.00
17:24:07      20    0.00    0.00    0.00    0.00    0.00    0.00    0.00    0.00    0.00  100.00
17:24:07      21    2.33    0.00    8.14    0.00    0.00   11.63    0.00    0.00    0.00   77.91
17:24:07      22    1.15    0.00    5.75    0.00    0.00   10.34    0.00    0.00    0.00   82.76
17:24:07      23    1.25    0.00    6.25    0.00    0.00    5.00    0.00    0.00    0.00   87.50
17:24:07      24    2.13    0.00    8.51    0.00    0.00   32.98    0.00    0.00    0.00   56.38
17:24:07      25    1.03    0.00    8.25    0.00    0.00    0.00    0.00    0.00    0.00   90.72
17:24:07      26    2.00    0.00    6.00    0.00    0.00    0.00    0.00    0.00    0.00   92.00
17:24:07      27    0.00    0.00    0.00    0.00    0.00    0.00    0.00    0.00    0.00  100.00
17:24:07      28    0.00    0.00    0.00    0.00    0.00    0.00    0.00    0.00    0.00  100.00
17:24:07      29    0.99    0.00    2.97    0.00    0.00    0.00    0.00    0.00    0.00   96.04
17:24:07      30    0.00    0.00    0.00    0.00    0.00    0.00    0.00    0.00    0.00  100.00
17:24:07      31    0.00    0.00    0.00    0.00    0.00    0.00    0.00    0.00    0.00  100.00

17:24:07     CPU    %usr   %nice    %sys %iowait    %irq   %soft  %steal  %guest  %gnice   %idle
17:24:08     all    3.99    0.00    4.11    0.00    0.00    1.82    0.00    0.00    0.00   90.08
17:24:08       0    4.21    0.00   20.00    0.00    0.00    1.05    0.00    0.00    0.00   74.74
17:24:08       1    2.04    0.00    8.16    0.00    0.00    0.00    0.00    0.00    0.00   89.80
17:24:08       2    3.09    0.00   13.40    0.00    0.00    0.00    0.00    0.00    0.00   83.51
17:24:08       3    0.00    0.00    2.00    0.00    0.00    0.00    0.00    0.00    0.00   98.00
17:24:08       4    3.09    0.00   21.65    0.00    0.00    1.03    0.00    0.00    0.00   74.23
17:24:08       5    0.00    0.00    3.00    0.00    0.00    1.00    0.00    0.00    0.00   96.00
17:24:08       6    0.00    0.00    1.00    0.00    0.00    0.00    0.00    0.00    0.00   99.00
17:24:08       7    0.00    0.00    0.00    0.00    0.00    0.00    0.00    0.00    0.00  100.00
17:24:08       8  100.00    0.00    0.00    0.00    0.00    0.00    0.00    0.00    0.00    0.00
17:24:08       9    2.02    0.00    9.09    0.00    0.00    0.00    0.00    0.00    0.00   88.89
17:24:08      10    1.00    0.00    2.00    0.00    0.00    0.00    0.00    0.00    0.00   97.00
17:24:08      11    0.00    0.00    6.19    0.00    0.00    0.00    0.00    0.00    0.00   93.81
17:24:08      12    0.00    0.00    0.00    0.00    0.00    0.00    0.00    0.00    0.00  100.00
17:24:08      13    0.98    0.00    4.90    0.00    0.00    0.98    0.00    0.00    0.00   93.14
17:24:08      14    0.00    0.00    0.00    0.00    0.00    0.00    0.00    0.00    0.00  100.00
17:24:08      15    0.00    0.00    0.00    0.00    0.00    0.00    0.00    0.00    0.00  100.00
17:24:08      16    0.00    0.00    0.00    0.00    0.00    0.00    0.00    0.00    0.00  100.00
17:24:08      17    0.00    0.00    0.00    0.00    0.00    0.00    0.00    0.00    0.00  100.00
17:24:08      18    0.00    0.00    0.00    0.00    0.00    0.00    0.00    0.00    0.00  100.00
17:24:08      19    0.00    0.00    0.00    0.00    0.00    0.00    0.00    0.00    0.00  100.00
17:24:08      20    0.00    0.00    0.00    0.00    0.00    0.00    0.00    0.00    0.00  100.00
17:24:08      21    1.15    0.00    5.75    0.00    0.00   12.64    0.00    0.00    0.00   80.46
17:24:08      22    2.38    0.00    5.95    0.00    0.00    8.33    0.00    0.00    0.00   83.33
17:24:08      23    1.19    0.00    7.14    0.00    0.00    5.95    0.00    0.00    0.00   85.71
17:24:08      24    2.11    0.00   11.58    0.00    0.00   30.53    0.00    0.00    0.00   55.79
17:24:08      25    1.98    0.00    9.90    0.00    0.00    0.99    0.00    0.00    0.00   87.13
17:24:08      26    1.00    0.00    3.00    0.00    0.00    0.00    0.00    0.00    0.00   96.00
17:24:08      27    0.00    0.00    0.00    0.00    0.00    0.00    0.00    0.00    0.00  100.00
17:24:08      28    0.00    0.00    0.00    0.00    0.00    0.00    0.00    0.00    0.00  100.00
17:24:08      29    0.00    0.00    0.00    0.00    0.00    0.00    0.00    0.00    0.00  100.00
17:24:08      30    0.00    0.00    0.00    0.00    0.00    0.00    0.00    0.00    0.00  100.00
17:24:08      31    0.00    0.00    0.00    0.00    0.00    0.00    0.00    0.00    0.00  100.00

17:24:08     CPU    %usr   %nice    %sys %iowait    %irq   %soft  %steal  %guest  %gnice   %idle
17:24:09     all    3.93    0.00    4.19    0.00    0.00    1.82    0.00    0.00    0.00   90.06
17:24:09       0    4.90    0.00   20.59    0.00    0.00    1.96    0.00    0.00    0.00   72.55
17:24:09       1    1.01    0.00    9.09    0.00    0.00    1.01    0.00    0.00    0.00   88.89
17:24:09       2    2.04    0.00   12.24    0.00    0.00    1.02    0.00    0.00    0.00   84.69
17:24:09       3    2.02    0.00    8.08    0.00    0.00    0.00    0.00    0.00    0.00   89.90
17:24:09       4    4.12    0.00   18.56    0.00    0.00    1.03    0.00    0.00    0.00   76.29
17:24:09       5    0.99    0.00    5.94    0.00    0.00    0.00    0.00    0.00    0.00   93.07
17:24:09       6    0.00    0.00    0.00    0.00    0.00    0.00    0.00    0.00    0.00  100.00
17:24:09       7    0.00    0.00    2.00    0.00    0.00    0.00    0.00    0.00    0.00   98.00
17:24:09       8  100.00    0.00    0.00    0.00    0.00    0.00    0.00    0.00    0.00    0.00
17:24:09       9    1.02    0.00    9.18    0.00    0.00    0.00    0.00    0.00    0.00   89.80
17:24:09      10    0.00    0.00    0.00    0.00    0.00    0.00    0.00    0.00    0.00  100.00
17:24:09      11    2.08    0.00    6.25    0.00    0.00    0.00    0.00    0.00    0.00   91.67
17:24:09      12    0.00    0.00    0.00    0.00    0.00    0.00    0.00    0.00    0.00  100.00
17:24:09      13    0.00    0.00    3.00    0.00    0.00    0.00    0.00    0.00    0.00   97.00
17:24:09      14    0.00    0.00    0.00    0.00    0.00    0.00    0.00    0.00    0.00  100.00
17:24:09      15    0.00    0.00    0.00    0.00    0.00    0.00    0.00    0.00    0.00  100.00
17:24:09      16    0.00    0.00    0.00    0.00    0.00    0.00    0.00    0.00    0.00  100.00
17:24:09      17    0.00    0.00    0.00    0.00    0.00    0.00    0.00    0.00    0.00  100.00
17:24:09      18    0.00    0.00    0.00    0.00    0.00    0.00    0.00    0.00    0.00  100.00
17:24:09      19    0.00    0.00    0.00    0.00    0.00    0.00    0.00    0.00    0.00  100.00
17:24:09      20    0.00    0.00    0.00    0.00    0.00    0.00    0.00    0.00    0.00  100.00
17:24:09      21    0.00    0.00    5.81    0.00    0.00   10.47    0.00    0.00    0.00   83.72
17:24:09      22    0.00    0.00    4.88    0.00    0.00    8.54    0.00    0.00    0.00   86.59
17:24:09      23    1.25    0.00    3.75    0.00    0.00    5.00    0.00    0.00    0.00   90.00
17:24:09      24    2.11    0.00   11.58    0.00    0.00   33.68    0.00    0.00    0.00   52.63
17:24:09      25    2.04    0.00    9.18    0.00    0.00    0.00    0.00    0.00    0.00   88.78
17:24:09      26    0.00    0.00    5.05    0.00    0.00    0.00    0.00    0.00    0.00   94.95
17:24:09      27    0.00    0.00    0.00    0.00    0.00    0.00    0.00    0.00    0.00  100.00
17:24:09      28    0.00    0.00    0.00    0.00    0.00    0.00    0.00    0.00    0.00  100.00
17:24:09      29    0.00    0.00    0.00    0.00    0.00    0.00    0.00    0.00    0.00  100.00
17:24:09      30    0.00    0.00    0.00    0.00    0.00    0.00    0.00    0.00    0.00  100.00
17:24:09      31    0.00    0.00    0.00    0.00    0.00    0.00    0.00    0.00    0.00  100.00

17:24:09     CPU    %usr   %nice    %sys %iowait    %irq   %soft  %steal  %guest  %gnice   %idle
17:24:10     all    3.90    0.00    4.21    0.00    0.00    1.66    0.00    0.00    0.00   90.23
17:24:10       0    3.06    0.00   20.41    0.00    0.00    1.02    0.00    0.00    0.00   75.51
17:24:10       1    2.02    0.00    9.09    0.00    0.00    0.00    0.00    0.00    0.00   88.89
17:24:10       2    2.04    0.00    9.18    0.00    0.00    0.00    0.00    0.00    0.00   88.78
17:24:10       3    0.00    0.00    6.06    0.00    0.00    0.00    0.00    0.00    0.00   93.94
17:24:10       4    2.11    0.00   22.11    0.00    0.00    0.00    0.00    0.00    0.00   75.79
17:24:10       5    0.00    0.00    2.00    0.00    0.00    0.00    0.00    0.00    0.00   98.00
17:24:10       6    0.00    0.00    1.01    0.00    0.00    0.00    0.00    0.00    0.00   98.99
17:24:10       7    0.99    0.00    0.99    0.00    0.00    0.00    0.00    0.00    0.00   98.02
17:24:10       8  100.00    0.00    0.00    0.00    0.00    0.00    0.00    0.00    0.00    0.00
17:24:10       9    1.98    0.00    9.90    0.00    0.00    0.00    0.00    0.00    0.00   88.12
17:24:10      10    0.00    0.00    0.00    0.00    0.00    0.00    0.00    0.00    0.00  100.00
17:24:10      11    2.04    0.00    7.14    0.00    0.00    0.00    0.00    0.00    0.00   90.82
17:24:10      12    0.00    0.00    0.00    0.00    0.00    0.00    0.00    0.00    0.00  100.00
17:24:10      13    1.01    0.00    9.09    0.00    0.00    0.00    0.00    0.00    0.00   89.90
17:24:10      14    0.00    0.00    0.00    0.00    0.00    0.00    0.00    0.00    0.00  100.00
17:24:10      15    0.00    0.00    0.00    0.00    0.00    0.00    0.00    0.00    0.00  100.00
17:24:10      16    0.00    0.00    0.00    0.00    0.00    0.00    0.00    0.00    0.00  100.00
17:24:10      17    0.00    0.00    0.00    0.00    0.00    0.00    0.00    0.00    0.00  100.00
17:24:10      18    0.00    0.00    0.00    0.00    0.00    0.00    0.00    0.00    0.00  100.00
17:24:10      19    0.00    0.00    0.00    0.00    0.00    0.00    0.00    0.00    0.00  100.00
17:24:10      20    0.00    0.00    0.00    0.00    0.00    0.00    0.00    0.00    0.00  100.00
17:24:10      21    1.19    0.00    5.95    0.00    0.00   10.71    0.00    0.00    0.00   82.14
17:24:10      22    2.35    0.00    5.88    0.00    0.00    9.41    0.00    0.00    0.00   82.35
17:24:10      23    2.38    0.00    8.33    0.00    0.00    5.95    0.00    0.00    0.00   83.33
17:24:10      24    1.08    0.00   10.75    0.00    0.00   31.18    0.00    0.00    0.00   56.99
17:24:10      25    1.01    0.00    9.09    0.00    0.00    0.00    0.00    0.00    0.00   89.90
17:24:10      26    0.00    0.00    1.00    0.00    0.00    0.00    0.00    0.00    0.00   99.00
17:24:10      27    0.00    0.00    0.00    0.00    0.00    0.00    0.00    0.00    0.00  100.00
17:24:10      28    0.00    0.00    0.00    0.00    0.00    0.00    0.00    0.00    0.00  100.00
17:24:10      29    0.00    0.00    0.00    0.00    0.00    0.00    0.00    0.00    0.00  100.00
17:24:10      30    0.00    0.00    0.00    0.00    0.00    0.00    0.00    0.00    0.00  100.00
17:24:10      31    0.00    0.00    0.00    0.00    0.00    0.00    0.00    0.00    0.00  100.00

17:24:10     CPU    %usr   %nice    %sys %iowait    %irq   %soft  %steal  %guest  %gnice   %idle
17:24:11     all    3.88    0.00    3.91    0.00    0.00    1.79    0.00    0.00    0.00   90.42
17:24:11       0    3.19    0.00   22.34    0.00    0.00    0.00    0.00    0.00    0.00   74.47
17:24:11       1    1.01    0.00    8.08    0.00    0.00    1.01    0.00    0.00    0.00   89.90
17:24:11       2    1.01    0.00    7.07    0.00    0.00    1.01    0.00    0.00    0.00   90.91
17:24:11       3    2.02    0.00    8.08    0.00    0.00    0.00    0.00    0.00    0.00   89.90
17:24:11       4    4.12    0.00   19.59    0.00    0.00    1.03    0.00    0.00    0.00   75.26
17:24:11       5    0.00    0.00    2.02    0.00    0.00    0.00    0.00    0.00    0.00   97.98
17:24:11       6    0.00    0.00    1.00    0.00    0.00    0.00    0.00    0.00    0.00   99.00
17:24:11       7    0.00    0.00    1.01    0.00    0.00    0.00    0.00    0.00    0.00   98.99
17:24:11       8  100.00    0.00    0.00    0.00    0.00    0.00    0.00    0.00    0.00    0.00
17:24:11       9    2.06    0.00    8.25    0.00    0.00    0.00    0.00    0.00    0.00   89.69
17:24:11      10    0.00    0.00    3.06    0.00    0.00    0.00    0.00    0.00    0.00   96.94
17:24:11      11    1.04    0.00    7.29    0.00    0.00    0.00    0.00    0.00    0.00   91.67
17:24:11      12    0.00    0.00    0.00    0.00    0.00    0.00    0.00    0.00    0.00  100.00
17:24:11      13    0.00    0.00    2.00    0.00    0.00    0.00    0.00    0.00    0.00   98.00
17:24:11      14    0.00    0.00    0.00    0.00    0.00    0.00    0.00    0.00    0.00  100.00
17:24:11      15    0.00    0.00    0.00    0.00    0.00    0.00    0.00    0.00    0.00  100.00
17:24:11      16    0.00    0.00    0.00    0.00    0.00    0.00    0.00    0.00    0.00  100.00
17:24:11      17    0.00    0.00    0.00    0.00    0.00    0.00    0.00    0.00    0.00  100.00
17:24:11      18    0.00    0.00    0.00    0.00    0.00    0.00    0.00    0.00    0.00  100.00
17:24:11      19    0.00    0.00    0.00    0.00    0.00    0.00    0.00    0.00    0.00  100.00
17:24:11      20    0.00    0.00    0.00    0.00    0.00    0.00    0.00    0.00    0.00  100.00
17:24:11      21    2.25    0.00    7.87    0.00    0.00   12.36    0.00    0.00    0.00   77.53
17:24:11      22    0.00    0.00    7.14    0.00    0.00    9.52    0.00    0.00    0.00   83.33
17:24:11      23    1.25    0.00    5.00    0.00    0.00    3.75    0.00    0.00    0.00   90.00
17:24:11      24    2.08    0.00   10.42    0.00    0.00   32.29    0.00    0.00    0.00   55.21
17:24:11      25    2.08    0.00    7.29    0.00    0.00    0.00    0.00    0.00    0.00   90.62
17:24:11      26    0.00    0.00    1.01    0.00    0.00    0.00    0.00    0.00    0.00   98.99
17:24:11      27    0.00    0.00    0.00    0.00    0.00    0.00    0.00    0.00    0.00  100.00
17:24:11      28    0.00    0.00    0.00    0.00    0.00    0.00    0.00    0.00    0.00  100.00
17:24:11      29    0.00    0.00    0.00    0.00    0.00    0.00    0.00    0.00    0.00  100.00
17:24:11      30    0.00    0.00    0.00    0.00    0.00    0.00    0.00    0.00    0.00  100.00
17:24:11      31    0.00    0.00    0.00    0.00    0.00    0.00    0.00    0.00    0.00  100.00

17:24:11     CPU    %usr   %nice    %sys %iowait    %irq   %soft  %steal  %guest  %gnice   %idle
17:24:12     all    3.95    0.00    4.26    0.00    0.00    1.97    0.00    0.00    0.00   89.82
17:24:12       0    3.00    0.00   20.00    0.00    0.00    2.00    0.00    0.00    0.00   75.00
17:24:12       1    1.01    0.00    7.07    0.00    0.00    0.00    0.00    0.00    0.00   91.92
17:24:12       2    3.06    0.00   10.20    0.00    0.00    0.00    0.00    0.00    0.00   86.73
17:24:12       3    1.01    0.00    6.06    0.00    0.00    1.01    0.00    0.00    0.00   91.92
17:24:12       4    4.12    0.00   18.56    0.00    0.00    1.03    0.00    0.00    0.00   76.29
17:24:12       5    1.00    0.00    5.00    0.00    0.00    0.00    0.00    0.00    0.00   94.00
17:24:12       6    1.00    0.00    2.00    0.00    0.00    0.00    0.00    0.00    0.00   97.00
17:24:12       7    0.00    0.00    2.97    0.00    0.00    0.00    0.00    0.00    0.00   97.03
17:24:12       8  100.00    0.00    0.00    0.00    0.00    0.00    0.00    0.00    0.00    0.00
17:24:12       9    1.00    0.00    8.00    0.00    0.00    0.00    0.00    0.00    0.00   91.00
17:24:12      10    1.00    0.00   10.00    0.00    0.00    0.00    0.00    0.00    0.00   89.00
17:24:12      11    1.02    0.00    9.18    0.00    0.00    0.00    0.00    0.00    0.00   89.80
17:24:12      12    0.00    0.00    0.00    0.00    0.00    0.00    0.00    0.00    0.00  100.00
17:24:12      13    0.00    0.00    0.00    0.00    0.00    0.00    0.00    0.00    0.00  100.00
17:24:12      14    0.00    0.00    3.06    0.00    0.00    0.00    0.00    0.00    0.00   96.94
17:24:12      15    0.00    0.00    0.00    0.00    0.00    0.00    0.00    0.00    0.00  100.00
17:24:12      16    0.00    0.00    0.00    0.00    0.00    0.00    0.00    0.00    0.00  100.00
17:24:12      17    0.00    0.00    0.00    0.00    0.00    0.00    0.00    0.00    0.00  100.00
17:24:12      18    0.00    0.00    0.00    0.00    0.00    0.00    0.00    0.00    0.00  100.00
17:24:12      19    0.00    0.00    0.00    0.00    0.00    0.00    0.00    0.00    0.00  100.00
17:24:12      20    0.00    0.00    0.00    0.00    0.00    0.00    0.00    0.00    0.00  100.00
17:24:12      21    2.22    0.00   11.11    0.00    0.00   14.44    0.00    0.00    0.00   72.22
17:24:12      22    2.30    0.00    6.90    0.00    0.00   11.49    0.00    0.00    0.00   79.31
17:24:12      23    1.22    0.00    7.32    0.00    0.00    3.66    0.00    0.00    0.00   87.80
17:24:12      24    0.00    0.00    1.06    0.00    0.00   34.04    0.00    0.00    0.00   64.89
17:24:12      25    2.00    0.00   10.00    0.00    0.00    0.00    0.00    0.00    0.00   88.00
17:24:12      26    0.00    0.00    0.00    0.00    0.00    0.00    0.00    0.00    0.00  100.00
17:24:12      27    0.00    0.00    0.00    0.00    0.00    0.00    0.00    0.00    0.00  100.00
17:24:12      28    0.00    0.00    0.00    0.00    0.00    0.00    0.00    0.00    0.00  100.00
17:24:12      29    0.00    0.00    0.00    0.00    0.00    0.00    0.00    0.00    0.00  100.00
17:24:12      30    0.00    0.00    0.00    0.00    0.00    0.00    0.00    0.00    0.00  100.00
17:24:12      31    0.00    0.00    0.00    0.00    0.00    0.00    0.00    0.00    0.00  100.00

17:24:12     CPU    %usr   %nice    %sys %iowait    %irq   %soft  %steal  %guest  %gnice   %idle
17:24:13     all    3.98    0.00    4.01    0.00    0.00    2.01    0.00    0.00    0.00   90.00
17:24:13       0    4.12    0.00   20.62    0.00    0.00    1.03    0.00    0.00    0.00   74.23
17:24:13       1    2.02    0.00    7.07    0.00    0.00    0.00    0.00    0.00    0.00   90.91
17:24:13       2    2.02    0.00   12.12    0.00    0.00    1.01    0.00    0.00    0.00   84.85
17:24:13       3    1.01    0.00    5.05    0.00    0.00    0.00    0.00    0.00    0.00   93.94
17:24:13       4    3.16    0.00   18.95    0.00    0.00    1.05    0.00    0.00    0.00   76.84
17:24:13       5    0.00    0.00    4.04    0.00    0.00    0.00    0.00    0.00    0.00   95.96
17:24:13       6    0.00    0.00    0.99    0.00    0.00    0.00    0.00    0.00    0.00   99.01
17:24:13       7    1.00    0.00    1.00    0.00    0.00    0.00    0.00    0.00    0.00   98.00
17:24:13       8  100.00    0.00    0.00    0.00    0.00    0.00    0.00    0.00    0.00    0.00
17:24:13       9    0.00    0.00    3.00    0.00    0.00    0.00    0.00    0.00    0.00   97.00
17:24:13      10    2.02    0.00   10.10    0.00    0.00    0.00    0.00    0.00    0.00   87.88
17:24:13      11    2.02    0.00   10.10    0.00    0.00    0.00    0.00    0.00    0.00   87.88
17:24:13      12    0.00    0.00    0.00    0.00    0.00    0.00    0.00    0.00    0.00  100.00
17:24:13      13    0.00    0.00    0.99    0.00    0.00    0.00    0.00    0.00    0.00   99.01
17:24:13      14    0.00    0.00    0.00    0.00    0.00    0.00    0.00    0.00    0.00  100.00
17:24:13      15    0.00    0.00    0.00    0.00    0.00    0.00    0.00    0.00    0.00  100.00
17:24:13      16    0.00    0.00    0.00    0.00    0.00    0.00    0.00    0.00    0.00  100.00
17:24:13      17    0.00    0.00    0.00    0.00    0.00    0.00    0.00    0.00    0.00  100.00
17:24:13      18    0.00    0.00    0.00    0.00    0.00    0.00    0.00    0.00    0.00  100.00
17:24:13      19    0.00    0.00    0.00    0.00    0.00    0.00    0.00    0.00    0.00  100.00
17:24:13      20    0.00    0.00    0.00    0.00    0.00    0.00    0.00    0.00    0.00  100.00
17:24:13      21    3.26    0.00    7.61    0.00    0.00   15.22    0.00    0.00    0.00   73.91
17:24:13      22    1.14    0.00    6.82    0.00    0.00   11.36    0.00    0.00    0.00   80.68
17:24:13      23    1.22    0.00    4.88    0.00    0.00    6.10    0.00    0.00    0.00   87.80
17:24:13      24    1.08    0.00    5.38    0.00    0.00   33.33    0.00    0.00    0.00   60.22
17:24:13      25    1.03    0.00    8.25    0.00    0.00    0.00    0.00    0.00    0.00   90.72
17:24:13      26    1.01    0.00    4.04    0.00    0.00    0.00    0.00    0.00    0.00   94.95
17:24:13      27    0.00    0.00    0.00    0.00    0.00    0.00    0.00    0.00    0.00  100.00
17:24:13      28    0.00    0.00    0.00    0.00    0.00    0.00    0.00    0.00    0.00  100.00
17:24:13      29    0.00    0.00    0.00    0.00    0.00    0.00    0.00    0.00    0.00  100.00
17:24:13      30    0.00    0.00    0.00    0.00    0.00    0.00    0.00    0.00    0.00  100.00
17:24:13      31    0.00    0.00    0.00    0.00    0.00    0.00    0.00    0.00    0.00  100.00

17:24:13     CPU    %usr   %nice    %sys %iowait    %irq   %soft  %steal  %guest  %gnice   %idle
17:24:14     all    3.94    0.00    4.13    0.00    0.00    1.60    0.00    0.00    0.00   90.33
17:24:14       0    3.06    0.00   17.35    0.00    0.00    1.02    0.00    0.00    0.00   78.57
17:24:14       1    1.03    0.00    8.25    0.00    0.00    0.00    0.00    0.00    0.00   90.72
17:24:14       2    3.09    0.00   14.43    0.00    0.00    0.00    0.00    0.00    0.00   82.47
17:24:14       3    0.00    0.00    1.00    0.00    0.00    0.00    0.00    0.00    0.00   99.00
17:24:14       4    4.12    0.00   22.68    0.00    0.00    0.00    0.00    0.00    0.00   73.20
17:24:14       5    1.00    0.00    6.00    0.00    0.00    0.00    0.00    0.00    0.00   93.00
17:24:14       6    0.00    0.00    0.00    0.00    0.00    0.00    0.00    0.00    0.00  100.00
17:24:14       7    0.00    0.00    1.01    0.00    0.00    0.00    0.00    0.00    0.00   98.99
17:24:14       8  100.00    0.00    0.00    0.00    0.00    0.00    0.00    0.00    0.00    0.00
17:24:14       9    0.00    0.00    0.00    0.00    0.00    0.00    0.00    0.00    0.00  100.00
17:24:14      10    1.01    0.00    9.09    0.00    0.00    0.00    0.00    0.00    0.00   89.90
17:24:14      11    2.02    0.00    9.09    0.00    0.00    0.00    0.00    0.00    0.00   88.89
17:24:14      12    2.00    0.00    7.00    0.00    0.00    0.00    0.00    0.00    0.00   91.00
17:24:14      13    0.00    0.00    0.00    0.00    0.00    0.00    0.00    0.00    0.00  100.00
17:24:14      14    0.00    0.00    0.00    0.00    0.00    0.00    0.00    0.00    0.00  100.00
17:24:14      15    0.00    0.00    0.00    0.00    0.00    0.00    0.00    0.00    0.00  100.00
17:24:14      16    1.01    0.00    6.06    0.00    0.00    1.01    0.00    0.00    0.00   91.92
17:24:14      17    0.00    0.00    0.00    0.00    0.00    0.00    0.00    0.00    0.00  100.00
17:24:14      18    0.00    0.00    0.00    0.00    0.00    0.00    0.00    0.00    0.00  100.00
17:24:14      19    0.00    0.00    0.00    0.00    0.00    0.00    0.00    0.00    0.00  100.00
17:24:14      20    0.00    0.00    0.00    0.00    0.00    0.00    0.00    0.00    0.00  100.00
17:24:14      21    1.19    0.00    3.57    0.00    0.00    8.33    0.00    0.00    0.00   86.90
17:24:14      22    1.18    0.00    5.88    0.00    0.00    9.41    0.00    0.00    0.00   83.53
17:24:14      23    1.23    0.00    2.47    0.00    0.00    3.70    0.00    0.00    0.00   92.59
17:24:14      24    1.05    0.00   11.58    0.00    0.00   31.58    0.00    0.00    0.00   55.79
17:24:14      25    1.04    0.00    7.29    0.00    0.00    0.00    0.00    0.00    0.00   91.67
17:24:14      26    0.00    0.00    1.01    0.00    0.00    0.00    0.00    0.00    0.00   98.99
17:24:14      27    0.00    0.00    0.00    0.00    0.00    0.00    0.00    0.00    0.00  100.00
17:24:14      28    0.00    0.00    0.00    0.00    0.00    0.00    0.00    0.00    0.00  100.00
17:24:14      29    0.00    0.00    0.00    0.00    0.00    0.00    0.00    0.00    0.00  100.00
17:24:14      30    0.00    0.00    0.00    0.00    0.00    0.00    0.00    0.00    0.00  100.00
17:24:14      31    0.00    0.00    0.00    0.00    0.00    0.00    0.00    0.00    0.00  100.00

Average:     CPU    %usr   %nice    %sys %iowait    %irq   %soft  %steal  %guest  %gnice   %idle
Average:     all    3.77    0.00    4.16    0.00    0.00    2.09    0.00    0.00    0.00   89.98
Average:       0    3.38    0.00   20.27    0.00    0.00    1.23    0.00    0.00    0.00   75.13
Average:       1    1.52    0.00    8.83    0.00    0.00    0.30    0.00    0.00    0.00   89.34
Average:       2    2.24    0.00   11.62    0.00    0.00    0.41    0.00    0.00    0.00   85.73
Average:       3    0.91    0.00    4.93    0.00    0.00    0.10    0.00    0.00    0.00   94.06
Average:       4    3.42    0.00   19.25    0.00    0.00    0.62    0.00    0.00    0.00   76.71
Average:       5    0.50    0.00    3.71    0.00    0.00    0.10    0.00    0.00    0.00   95.69
Average:       6    0.10    0.00    0.60    0.00    0.00    0.00    0.00    0.00    0.00   99.30
Average:       7    0.20    0.00    1.10    0.00    0.00    0.10    0.00    0.00    0.00   98.60
Average:       8   95.10    0.00    0.00    0.00    0.00    4.90    0.00    0.00    0.00    0.00
Average:       9    1.01    0.00    6.26    0.00    0.00    0.20    0.00    0.00    0.00   92.53
Average:      10    0.61    0.00    5.19    0.00    0.00    1.53    0.00    0.00    0.00   92.68
Average:      11    1.12    0.00    5.71    0.00    0.00    0.20    0.00    0.00    0.00   92.97
Average:      12    0.20    0.00    0.90    0.00    0.00    0.20    0.00    0.00    0.00   98.70
Average:      13    0.20    0.00    2.21    0.00    0.00    0.10    0.00    0.00    0.00   97.49
Average:      14    0.10    0.00    0.40    0.00    0.00    0.10    0.00    0.00    0.00   99.40
Average:      15    0.00    0.00    0.20    0.00    0.00    0.30    0.00    0.00    0.00   99.50
Average:      16    0.10    0.00    0.60    0.00    0.00    0.10    0.00    0.00    0.00   99.20
Average:      17    0.00    0.00    0.00    0.00    0.00    0.00    0.00    0.00    0.00  100.00
Average:      18    0.00    0.00    0.00    0.00    0.00    0.00    0.00    0.00    0.00  100.00
Average:      19    0.00    0.00    0.00    0.00    0.00    0.00    0.00    0.00    0.00  100.00
Average:      20    0.00    0.00    0.00    0.00    0.00    0.00    0.00    0.00    0.00  100.00
Average:      21    1.49    0.00    6.77    0.00    0.00   11.81    0.00    0.00    0.00   79.93
Average:      22    1.28    0.00    6.05    0.00    0.00   10.70    0.00    0.00    0.00   81.98
Average:      23    1.35    0.00    6.00    0.00    0.00    6.00    0.00    0.00    0.00   86.66
Average:      24    1.49    0.00    9.36    0.00    0.00   32.23    0.00    0.00    0.00   56.91
Average:      25    1.53    0.00    8.89    0.00    0.00    0.10    0.00    0.00    0.00   89.48
Average:      26    0.51    0.00    3.05    0.00    0.00    0.10    0.00    0.00    0.00   96.35
Average:      27    0.30    0.00    1.21    0.00    0.00    0.00    0.00    0.00    0.00   98.49
Average:      28    0.00    0.00    0.50    0.00    0.00    0.00    0.00    0.00    0.00   99.50
Average:      29    0.20    0.00    1.01    0.00    0.00    0.00    0.00    0.00    0.00   98.79
Average:      30    0.00    0.00    0.20    0.00    0.00    0.00    0.00    0.00    0.00   99.80
Average:      31    0.20    0.00    0.50    0.00    0.00    0.00    0.00    0.00    0.00   99.30
