Linux 7.0.0-22-generic (ms-a2-gateway) 	06/07/26 	_x86_64_	(32 CPU)

17:23:03     CPU    %usr   %nice    %sys %iowait    %irq   %soft  %steal  %guest  %gnice   %idle
17:23:04     all    1.99    0.00    4.07    0.00    0.00    4.65    0.00    0.00    0.00   89.29
17:23:04       0    1.02    0.00    8.16    0.00    0.00    0.00    0.00    0.00    0.00   90.82
17:23:04       1    1.02    0.00    8.16    0.00    0.00    0.00    0.00    0.00    0.00   90.82
17:23:04       2    2.00    0.00    8.00    0.00    0.00    1.00    0.00    0.00    0.00   89.00
17:23:04       3    1.01    0.00    9.09    0.00    0.00    0.00    0.00    0.00    0.00   89.90
17:23:04       4    2.02    0.00    8.08    0.00    0.00    0.00    0.00    0.00    0.00   89.90
17:23:04       5    1.01    0.00    3.03    0.00    0.00    0.00    0.00    0.00    0.00   95.96
17:23:04       6    0.00    0.00    2.02    0.00    0.00    0.00    0.00    0.00    0.00   97.98
17:23:04       7    1.00    0.00    1.00    0.00    0.00    0.00    0.00    0.00    0.00   98.00
17:23:04       8   38.00    0.00    0.00    0.00    0.00   62.00    0.00    0.00    0.00    0.00
17:23:04       9    0.00    0.00    2.11    0.00    0.00    4.21    0.00    0.00    0.00   93.68
17:23:04      10    1.04    0.00    2.08    0.00    0.00    1.04    0.00    0.00    0.00   95.83
17:23:04      11    0.00    0.00    2.04    0.00    0.00    4.08    0.00    0.00    0.00   93.88
17:23:04      12    1.03    0.00    3.09    0.00    0.00    0.00    0.00    0.00    0.00   95.88
17:23:04      13    1.05    0.00    0.00    0.00    0.00    4.21    0.00    0.00    0.00   94.74
17:23:04      14    0.00    0.00    0.00    0.00    0.00    3.16    0.00    0.00    0.00   96.84
17:23:04      15    0.00    0.00    3.09    0.00    0.00    2.06    0.00    0.00    0.00   94.85
17:23:04      16    0.00    0.00    0.00    0.00    0.00    0.00    0.00    0.00    0.00  100.00
17:23:04      17    0.00    0.00    0.00    0.00    0.00    0.00    0.00    0.00    0.00  100.00
17:23:04      18    0.00    0.00    0.00    0.00    0.00    0.00    0.00    0.00    0.00  100.00
17:23:04      19    0.00    0.00    0.00    0.00    0.00    0.00    0.00    0.00    0.00  100.00
17:23:04      20    0.00    0.00    0.00    0.00    0.00    0.00    0.00    0.00    0.00  100.00
17:23:04      21    1.05    0.00    5.26    0.00    0.00   20.00    0.00    0.00    0.00   73.68
17:23:04      22    0.00    0.00    3.03    0.00    0.00    0.00    0.00    0.00    0.00   96.97
17:23:04      23    1.04    0.00    6.25    0.00    0.00   19.79    0.00    0.00    0.00   72.92
17:23:04      24    3.12    0.00   17.71    0.00    0.00   27.08    0.00    0.00    0.00   52.08
17:23:04      25    1.06    0.00    8.51    0.00    0.00    0.00    0.00    0.00    0.00   90.43
17:23:04      26    1.03    0.00    6.19    0.00    0.00    0.00    0.00    0.00    0.00   92.78
17:23:04      27    1.06    0.00   10.64    0.00    0.00    0.00    0.00    0.00    0.00   88.30
17:23:04      28    1.04    0.00    4.17    0.00    0.00    0.00    0.00    0.00    0.00   94.79
17:23:04      29    1.05    0.00    3.16    0.00    0.00    0.00    0.00    0.00    0.00   95.79
17:23:04      30    1.04    0.00    3.12    0.00    0.00    0.00    0.00    0.00    0.00   95.83
17:23:04      31    1.04    0.00    3.12    0.00    0.00    0.00    0.00    0.00    0.00   95.83

17:23:04     CPU    %usr   %nice    %sys %iowait    %irq   %soft  %steal  %guest  %gnice   %idle
17:23:05     all    3.87    0.00    5.09    0.00    0.00    3.21    0.00    0.00    0.00   87.83
17:23:05       0    2.08    0.00   15.62    0.00    0.00    0.00    0.00    0.00    0.00   82.29
17:23:05       1    2.02    0.00   12.12    0.00    0.00    0.00    0.00    0.00    0.00   85.86
17:23:05       2    2.06    0.00   14.43    0.00    0.00    0.00    0.00    0.00    0.00   83.51
17:23:05       3    2.00    0.00    7.00    0.00    0.00    0.00    0.00    0.00    0.00   91.00
17:23:05       4    2.04    0.00   19.39    0.00    0.00    1.02    0.00    0.00    0.00   77.55
17:23:05       5    1.01    0.00   11.11    0.00    0.00    0.00    0.00    0.00    0.00   87.88
17:23:05       6    0.00    0.00    3.03    0.00    0.00    0.00    0.00    0.00    0.00   96.97
17:23:05       7    0.00    0.00    0.00    0.00    0.00    0.00    0.00    0.00    0.00  100.00
17:23:05       8  100.00    0.00    0.00    0.00    0.00    0.00    0.00    0.00    0.00    0.00
17:23:05       9    0.00    0.00    0.00    0.00    0.00    0.00    0.00    0.00    0.00  100.00
17:23:05      10    0.00    0.00    0.00    0.00    0.00    0.00    0.00    0.00    0.00  100.00
17:23:05      11    0.00    0.00    0.00    0.00    0.00    0.00    0.00    0.00    0.00  100.00
17:23:05      12    0.00    0.00    0.00    0.00    0.00    0.00    0.00    0.00    0.00  100.00
17:23:05      13    0.00    0.00    0.00    0.00    0.00    0.00    0.00    0.00    0.00  100.00
17:23:05      14    0.00    0.00    0.00    0.00    0.00    0.00    0.00    0.00    0.00  100.00
17:23:05      15    0.00    0.00    0.00    0.00    0.00    0.00    0.00    0.00    0.00  100.00
17:23:05      16    0.00    0.00   10.20    0.00    0.00    0.00    0.00    0.00    0.00   89.80
17:23:05      17    0.00    0.00    0.00    0.00    0.00    0.00    0.00    0.00    0.00  100.00
17:23:05      18    0.00    0.00    0.00    0.00    0.00    0.00    0.00    0.00    0.00  100.00
17:23:05      19    0.00    0.00    0.00    0.00    0.00    0.00    0.00    0.00    0.00  100.00
17:23:05      20    0.00    0.00    0.00    0.00    0.00    0.00    0.00    0.00    0.00  100.00
17:23:05      21    0.00    0.00    1.03    0.00    0.00   28.87    0.00    0.00    0.00   70.10
17:23:05      22    0.00    0.00    0.00    0.00    0.00    0.00    0.00    0.00    0.00  100.00
17:23:05      23    0.99    0.00    2.97    0.00    0.00   29.70    0.00    0.00    0.00   66.34
17:23:05      24    6.00    0.00   35.00    0.00    0.00   42.00    0.00    0.00    0.00   17.00
17:23:05      25    0.00    0.00    0.00    0.00    0.00    0.00    0.00    0.00    0.00  100.00
17:23:05      26    0.00    0.00    0.00    0.00    0.00    0.00    0.00    0.00    0.00  100.00
17:23:05      27    5.10    0.00   32.65    0.00    0.00    1.02    0.00    0.00    0.00   61.22
17:23:05      28    0.00    0.00    0.00    0.00    0.00    0.00    0.00    0.00    0.00  100.00
17:23:05      29    0.00    0.00    0.00    0.00    0.00    0.00    0.00    0.00    0.00  100.00
17:23:05      30    0.00    0.00    0.00    0.00    0.00    0.00    0.00    0.00    0.00  100.00
17:23:05      31    0.00    0.00    0.00    0.00    0.00    0.00    0.00    0.00    0.00  100.00

17:23:05     CPU    %usr   %nice    %sys %iowait    %irq   %soft  %steal  %guest  %gnice   %idle
17:23:06     all    4.02    0.00    4.97    0.00    0.00    3.18    0.00    0.00    0.00   87.83
17:23:06       0    2.94    0.00   14.71    0.00    0.00    0.98    0.00    0.00    0.00   81.37
17:23:06       1    2.04    0.00   11.22    0.00    0.00    0.00    0.00    0.00    0.00   86.73
17:23:06       2    2.02    0.00   13.13    0.00    0.00    0.00    0.00    0.00    0.00   84.85
17:23:06       3    1.02    0.00    7.14    0.00    0.00    0.00    0.00    0.00    0.00   91.84
17:23:06       4    3.03    0.00   16.16    0.00    0.00    1.01    0.00    0.00    0.00   79.80
17:23:06       5    2.02    0.00   10.10    0.00    0.00    0.00    0.00    0.00    0.00   87.88
17:23:06       6    1.01    0.00    2.02    0.00    0.00    0.00    0.00    0.00    0.00   96.97
17:23:06       7    0.00    0.00    4.04    0.00    0.00    0.00    0.00    0.00    0.00   95.96
17:23:06       8  100.00    0.00    0.00    0.00    0.00    0.00    0.00    0.00    0.00    0.00
17:23:06       9    0.00    0.00    0.00    0.00    0.00    0.00    0.00    0.00    0.00  100.00
17:23:06      10    0.00    0.00    0.00    0.00    0.00    0.00    0.00    0.00    0.00  100.00
17:23:06      11    0.00    0.00    0.00    0.00    0.00    0.00    0.00    0.00    0.00  100.00
17:23:06      12    0.00    0.00    0.00    0.00    0.00    0.00    0.00    0.00    0.00  100.00
17:23:06      13    0.00    0.00    0.00    0.00    0.00    0.00    0.00    0.00    0.00  100.00
17:23:06      14    0.00    0.00    0.00    0.00    0.00    0.00    0.00    0.00    0.00  100.00
17:23:06      15    0.00    0.00    0.00    0.00    0.00    0.00    0.00    0.00    0.00  100.00
17:23:06      16    3.00    0.00   12.00    0.00    0.00    0.00    0.00    0.00    0.00   85.00
17:23:06      17    0.00    0.00    0.00    0.00    0.00    0.00    0.00    0.00    0.00  100.00
17:23:06      18    0.00    0.00    0.00    0.00    0.00    0.00    0.00    0.00    0.00  100.00
17:23:06      19    0.00    0.00    1.00    0.00    0.00    1.00    0.00    0.00    0.00   98.00
17:23:06      20    0.00    0.00    0.00    0.00    0.00    0.00    0.00    0.00    0.00  100.00
17:23:06      21    0.00    0.00    0.00    0.00    0.00   29.17    0.00    0.00    0.00   70.83
17:23:06      22    0.00    0.00    0.00    0.00    0.00    0.00    0.00    0.00    0.00  100.00
17:23:06      23    0.00    0.00    0.00    0.00    0.00   27.37    0.00    0.00    0.00   72.63
17:23:06      24    6.00    0.00   34.00    0.00    0.00   43.00    0.00    0.00    0.00   17.00
17:23:06      25    0.00    0.00    0.00    0.00    0.00    0.00    0.00    0.00    0.00  100.00
17:23:06      26    0.00    0.00    0.00    0.00    0.00    0.00    0.00    0.00    0.00  100.00
17:23:06      27    5.05    0.00   33.33    0.00    0.00    1.01    0.00    0.00    0.00   60.61
17:23:06      28    0.00    0.00    0.00    0.00    0.00    0.00    0.00    0.00    0.00  100.00
17:23:06      29    0.00    0.00    0.00    0.00    0.00    0.00    0.00    0.00    0.00  100.00
17:23:06      30    0.00    0.00    0.00    0.00    0.00    0.00    0.00    0.00    0.00  100.00
17:23:06      31    0.00    0.00    0.00    0.00    0.00    0.00    0.00    0.00    0.00  100.00

17:23:06     CPU    %usr   %nice    %sys %iowait    %irq   %soft  %steal  %guest  %gnice   %idle
17:23:07     all    3.97    0.00    4.97    0.00    0.00    3.15    0.00    0.00    0.00   87.91
17:23:07       0    2.06    0.00   14.43    0.00    0.00    0.00    0.00    0.00    0.00   83.51
17:23:07       1    1.00    0.00   12.00    0.00    0.00    1.00    0.00    0.00    0.00   86.00
17:23:07       2    3.03    0.00   15.15    0.00    0.00    0.00    0.00    0.00    0.00   81.82
17:23:07       3    1.01    0.00   10.10    0.00    0.00    1.01    0.00    0.00    0.00   87.88
17:23:07       4    2.08    0.00   17.71    0.00    0.00    0.00    0.00    0.00    0.00   80.21
17:23:07       5    2.04    0.00   10.20    0.00    0.00    0.00    0.00    0.00    0.00   87.76
17:23:07       6    0.99    0.00    2.97    0.00    0.00    0.00    0.00    0.00    0.00   96.04
17:23:07       7    0.00    0.00    0.00    0.00    0.00    0.00    0.00    0.00    0.00  100.00
17:23:07       8  100.00    0.00    0.00    0.00    0.00    0.00    0.00    0.00    0.00    0.00
17:23:07       9    0.00    0.00    0.00    0.00    0.00    0.00    0.00    0.00    0.00  100.00
17:23:07      10    0.00    0.00    0.00    0.00    0.00    0.00    0.00    0.00    0.00  100.00
17:23:07      11    0.00    0.00    0.00    0.00    0.00    0.00    0.00    0.00    0.00  100.00
17:23:07      12    0.00    0.00    0.00    0.00    0.00    0.00    0.00    0.00    0.00  100.00
17:23:07      13    0.00    0.00    0.00    0.00    0.00    0.00    0.00    0.00    0.00  100.00
17:23:07      14    0.00    0.00    0.00    0.00    0.00    0.00    0.00    0.00    0.00  100.00
17:23:07      15    0.00    0.00    0.00    0.00    0.00    0.00    0.00    0.00    0.00  100.00
17:23:07      16    2.02    0.00   13.13    0.00    0.00    0.00    0.00    0.00    0.00   84.85
17:23:07      17    0.00    0.00    0.00    0.00    0.00    0.00    0.00    0.00    0.00  100.00
17:23:07      18    0.00    0.00    0.00    0.00    0.00    0.00    0.00    0.00    0.00  100.00
17:23:07      19    0.00    0.00    0.00    0.00    0.00    0.00    0.00    0.00    0.00  100.00
17:23:07      20    0.00    0.00    0.00    0.00    0.00    0.00    0.00    0.00    0.00  100.00
17:23:07      21    0.00    0.00    0.00    0.00    0.00   29.17    0.00    0.00    0.00   70.83
17:23:07      22    0.00    0.00    0.00    0.00    0.00    0.00    0.00    0.00    0.00  100.00
17:23:07      23    0.00    0.00    0.00    0.00    0.00   28.12    0.00    0.00    0.00   71.88
17:23:07      24    7.14    0.00   32.65    0.00    0.00   43.88    0.00    0.00    0.00   16.33
17:23:07      25    0.00    0.00    0.00    0.00    0.00    0.00    0.00    0.00    0.00  100.00
17:23:07      26    0.00    0.00    0.00    0.00    0.00    0.00    0.00    0.00    0.00  100.00
17:23:07      27    5.15    0.00   32.99    0.00    0.00    0.00    0.00    0.00    0.00   61.86
17:23:07      28    0.00    0.00    0.00    0.00    0.00    0.00    0.00    0.00    0.00  100.00
17:23:07      29    0.00    0.00    0.00    0.00    0.00    0.00    0.00    0.00    0.00  100.00
17:23:07      30    0.00    0.00    0.00    0.00    0.00    0.00    0.00    0.00    0.00  100.00
17:23:07      31    0.00    0.00    0.00    0.00    0.00    0.00    0.00    0.00    0.00  100.00

17:23:07     CPU    %usr   %nice    %sys %iowait    %irq   %soft  %steal  %guest  %gnice   %idle
17:23:08     all    4.01    0.00    4.76    0.00    0.00    3.12    0.00    0.00    0.00   88.11
17:23:08       0    2.06    0.00   12.37    0.00    0.00    1.03    0.00    0.00    0.00   84.54
17:23:08       1    3.03    0.00   11.11    0.00    0.00    0.00    0.00    0.00    0.00   85.86
17:23:08       2    3.06    0.00   13.27    0.00    0.00    1.02    0.00    0.00    0.00   82.65
17:23:08       3    1.02    0.00    4.08    0.00    0.00    0.00    0.00    0.00    0.00   94.90
17:23:08       4    3.09    0.00   18.56    0.00    0.00    0.00    0.00    0.00    0.00   78.35
17:23:08       5    2.00    0.00   14.00    0.00    0.00    0.00    0.00    0.00    0.00   84.00
17:23:08       6    1.02    0.00    4.08    0.00    0.00    0.00    0.00    0.00    0.00   94.90
17:23:08       7    0.00    0.00    1.00    0.00    0.00    0.00    0.00    0.00    0.00   99.00
17:23:08       8  100.00    0.00    0.00    0.00    0.00    0.00    0.00    0.00    0.00    0.00
17:23:08       9    0.00    0.00    0.00    0.00    0.00    0.00    0.00    0.00    0.00  100.00
17:23:08      10    0.00    0.00    0.00    0.00    0.00    0.00    0.00    0.00    0.00  100.00
17:23:08      11    0.00    0.00    0.00    0.00    0.00    0.00    0.00    0.00    0.00  100.00
17:23:08      12    0.00    0.00    0.00    0.00    0.00    0.00    0.00    0.00    0.00  100.00
17:23:08      13    0.00    0.00    0.00    0.00    0.00    0.00    0.00    0.00    0.00  100.00
17:23:08      14    0.00    0.00    0.00    0.00    0.00    0.00    0.00    0.00    0.00  100.00
17:23:08      15    0.00    0.00    0.00    0.00    0.00    0.00    0.00    0.00    0.00  100.00
17:23:08      16    2.02    0.00   12.12    0.00    0.00    0.00    0.00    0.00    0.00   85.86
17:23:08      17    0.00    0.00    0.00    0.00    0.00    0.00    0.00    0.00    0.00  100.00
17:23:08      18    0.00    0.00    0.00    0.00    0.00    0.00    0.00    0.00    0.00  100.00
17:23:08      19    0.00    0.00    0.00    0.00    0.00    0.00    0.00    0.00    0.00  100.00
17:23:08      20    0.00    0.00    0.00    0.00    0.00    0.00    0.00    0.00    0.00  100.00
17:23:08      21    0.00    0.00    0.00    0.00    0.00   29.47    0.00    0.00    0.00   70.53
17:23:08      22    0.00    0.00    0.00    0.00    0.00    0.00    0.00    0.00    0.00  100.00
17:23:08      23    0.00    0.00    0.00    0.00    0.00   28.12    0.00    0.00    0.00   71.88
17:23:08      24    1.04    0.00    4.17    0.00    0.00   41.67    0.00    0.00    0.00   53.12
17:23:08      25    4.00    0.00   27.00    0.00    0.00    1.00    0.00    0.00    0.00   68.00
17:23:08      26    0.00    0.00    0.00    0.00    0.00    0.00    0.00    0.00    0.00  100.00
17:23:08      27    5.10    0.00   31.63    0.00    0.00    1.02    0.00    0.00    0.00   62.24
17:23:08      28    0.00    0.00    0.00    0.00    0.00    0.00    0.00    0.00    0.00  100.00
17:23:08      29    0.00    0.00    0.00    0.00    0.00    0.00    0.00    0.00    0.00  100.00
17:23:08      30    0.00    0.00    0.00    0.00    0.00    0.00    0.00    0.00    0.00  100.00
17:23:08      31    0.00    0.00    0.00    0.00    0.00    0.00    0.00    0.00    0.00  100.00

17:23:08     CPU    %usr   %nice    %sys %iowait    %irq   %soft  %steal  %guest  %gnice   %idle
17:23:09     all    4.04    0.00    4.86    0.00    0.00    3.00    0.00    0.00    0.00   88.11
17:23:09       0    2.97    0.00   13.86    0.00    0.00    0.00    0.00    0.00    0.00   83.17
17:23:09       1    2.02    0.00   12.12    0.00    0.00    0.00    0.00    0.00    0.00   85.86
17:23:09       2    2.06    0.00   15.46    0.00    0.00    0.00    0.00    0.00    0.00   82.47
17:23:09       3    2.04    0.00   10.20    0.00    0.00    0.00    0.00    0.00    0.00   87.76
17:23:09       4    4.00    0.00   17.00    0.00    0.00    1.00    0.00    0.00    0.00   78.00
17:23:09       5    1.02    0.00    9.18    0.00    0.00    0.00    0.00    0.00    0.00   89.80
17:23:09       6    1.00    0.00    1.00    0.00    0.00    0.00    0.00    0.00    0.00   98.00
17:23:09       7    0.00    0.00    0.00    0.00    0.00    0.00    0.00    0.00    0.00  100.00
17:23:09       8  100.00    0.00    0.00    0.00    0.00    0.00    0.00    0.00    0.00    0.00
17:23:09       9    0.00    0.00    0.00    0.00    0.00    0.00    0.00    0.00    0.00  100.00
17:23:09      10    0.00    0.00    0.00    0.00    0.00    0.00    0.00    0.00    0.00  100.00
17:23:09      11    0.00    0.00    0.00    0.00    0.00    0.00    0.00    0.00    0.00  100.00
17:23:09      12    0.00    0.00    0.00    0.00    0.00    0.00    0.00    0.00    0.00  100.00
17:23:09      13    0.00    0.00    0.00    0.00    0.00    0.00    0.00    0.00    0.00  100.00
17:23:09      14    0.00    0.00    0.00    0.00    0.00    0.00    0.00    0.00    0.00  100.00
17:23:09      15    0.00    0.00    0.00    0.00    0.00    0.00    0.00    0.00    0.00  100.00
17:23:09      16    1.02    0.00   13.27    0.00    0.00    0.00    0.00    0.00    0.00   85.71
17:23:09      17    0.00    0.00    1.01    0.00    0.00    0.00    0.00    0.00    0.00   98.99
17:23:09      18    0.00    0.00    0.00    0.00    0.00    0.00    0.00    0.00    0.00  100.00
17:23:09      19    0.00    0.00    0.00    0.00    0.00    0.00    0.00    0.00    0.00  100.00
17:23:09      20    0.00    0.00    0.00    0.00    0.00    0.00    0.00    0.00    0.00  100.00
17:23:09      21    0.00    0.00    0.00    0.00    0.00   30.21    0.00    0.00    0.00   69.79
17:23:09      22    0.00    0.00    0.00    0.00    0.00    0.00    0.00    0.00    0.00  100.00
17:23:09      23    0.00    0.00    1.03    0.00    0.00   29.90    0.00    0.00    0.00   69.07
17:23:09      24    0.00    0.00    0.00    0.00    0.00   38.04    0.00    0.00    0.00   61.96
17:23:09      25    6.00    0.00   32.00    0.00    0.00    1.00    0.00    0.00    0.00   61.00
17:23:09      26    0.00    0.00    0.00    0.00    0.00    0.00    0.00    0.00    0.00  100.00
17:23:09      27    6.32    0.00   30.53    0.00    0.00    0.00    0.00    0.00    0.00   63.16
17:23:09      28    0.00    0.00    0.00    0.00    0.00    0.00    0.00    0.00    0.00  100.00
17:23:09      29    0.00    0.00    0.00    0.00    0.00    0.00    0.00    0.00    0.00  100.00
17:23:09      30    0.00    0.00    0.00    0.00    0.00    0.00    0.00    0.00    0.00  100.00
17:23:09      31    0.00    0.00    0.00    0.00    0.00    0.00    0.00    0.00    0.00  100.00

17:23:09     CPU    %usr   %nice    %sys %iowait    %irq   %soft  %steal  %guest  %gnice   %idle
17:23:10     all    3.89    0.00    4.91    0.00    0.00    2.94    0.00    0.00    0.00   88.26
17:23:10       0    2.06    0.00    8.25    0.00    0.00    0.00    0.00    0.00    0.00   89.69
17:23:10       1    0.00    0.00    7.22    0.00    0.00    0.00    0.00    0.00    0.00   92.78
17:23:10       2    2.06    0.00   15.46    0.00    0.00    0.00    0.00    0.00    0.00   82.47
17:23:10       3    1.03    0.00   10.31    0.00    0.00    0.00    0.00    0.00    0.00   88.66
17:23:10       4    2.06    0.00   16.49    0.00    0.00    0.00    0.00    0.00    0.00   81.44
17:23:10       5    2.00    0.00   10.00    0.00    0.00    0.00    0.00    0.00    0.00   88.00
17:23:10       6    0.00    0.00    3.00    0.00    0.00    0.00    0.00    0.00    0.00   97.00
17:23:10       7    0.00    0.00    1.01    0.00    0.00    0.00    0.00    0.00    0.00   98.99
17:23:10       8  100.00    0.00    0.00    0.00    0.00    0.00    0.00    0.00    0.00    0.00
17:23:10       9    2.04    0.00   13.27    0.00    0.00    0.00    0.00    0.00    0.00   84.69
17:23:10      10    0.00    0.00    0.00    0.00    0.00    0.00    0.00    0.00    0.00  100.00
17:23:10      11    0.00    0.00    0.00    0.00    0.00    0.00    0.00    0.00    0.00  100.00
17:23:10      12    0.00    0.00    0.00    0.00    0.00    0.00    0.00    0.00    0.00  100.00
17:23:10      13    0.00    0.00    0.00    0.00    0.00    0.00    0.00    0.00    0.00  100.00
17:23:10      14    0.00    0.00    0.00    0.00    0.00    0.00    0.00    0.00    0.00  100.00
17:23:10      15    0.00    0.00    0.00    0.00    0.00    0.00    0.00    0.00    0.00  100.00
17:23:10      16    2.02    0.00   12.12    0.00    0.00    1.01    0.00    0.00    0.00   84.85
17:23:10      17    0.00    0.00    0.00    0.00    0.00    0.00    0.00    0.00    0.00  100.00
17:23:10      18    0.00    0.00    0.00    0.00    0.00    0.00    0.00    0.00    0.00  100.00
17:23:10      19    0.00    0.00    0.00    0.00    0.00    0.00    0.00    0.00    0.00  100.00
17:23:10      20    2.02    0.00   10.10    0.00    0.00    0.00    0.00    0.00    0.00   87.88
17:23:10      21    1.04    0.00    1.04    0.00    0.00   29.17    0.00    0.00    0.00   68.75
17:23:10      22    0.00    0.00    0.00    0.00    0.00    0.00    0.00    0.00    0.00  100.00
17:23:10      23    0.00    0.00    0.00    0.00    0.00   29.17    0.00    0.00    0.00   70.83
17:23:10      24    0.00    0.00    0.00    0.00    0.00   38.04    0.00    0.00    0.00   61.96
17:23:10      25    2.06    0.00   17.53    0.00    0.00    0.00    0.00    0.00    0.00   80.41
17:23:10      26    0.00    0.00    0.00    0.00    0.00    0.00    0.00    0.00    0.00  100.00
17:23:10      27    5.05    0.00   32.32    0.00    0.00    1.01    0.00    0.00    0.00   61.62
17:23:10      28    0.00    0.00    0.00    0.00    0.00    0.00    0.00    0.00    0.00  100.00
17:23:10      29    0.00    0.00    0.00    0.00    0.00    0.00    0.00    0.00    0.00  100.00
17:23:10      30    0.00    0.00    0.00    0.00    0.00    0.00    0.00    0.00    0.00  100.00
17:23:10      31    0.00    0.00    0.00    0.00    0.00    0.00    0.00    0.00    0.00  100.00

17:23:10     CPU    %usr   %nice    %sys %iowait    %irq   %soft  %steal  %guest  %gnice   %idle
17:23:11     all    3.90    0.00    5.13    0.00    0.00    3.15    0.00    0.00    0.00   87.81
17:23:11       0    2.06    0.00   16.49    0.00    0.00    1.03    0.00    0.00    0.00   80.41
17:23:11       1    3.03    0.00   12.12    0.00    0.00    1.01    0.00    0.00    0.00   83.84
17:23:11       2    2.00    0.00   15.00    0.00    0.00    1.00    0.00    0.00    0.00   82.00
17:23:11       3    0.00    0.00    7.00    0.00    0.00    0.00    0.00    0.00    0.00   93.00
17:23:11       4    2.02    0.00   14.14    0.00    0.00    0.00    0.00    0.00    0.00   83.84
17:23:11       5    0.00    0.00    5.15    0.00    0.00    1.03    0.00    0.00    0.00   93.81
17:23:11       6    0.00    0.00    0.00    0.00    0.00    0.00    0.00    0.00    0.00  100.00
17:23:11       7    0.99    0.00    1.98    0.00    0.00    0.00    0.00    0.00    0.00   97.03
17:23:11       8  100.00    0.00    0.00    0.00    0.00    0.00    0.00    0.00    0.00    0.00
17:23:11       9    5.00    0.00   33.00    0.00    0.00    1.00    0.00    0.00    0.00   61.00
17:23:11      10    0.00    0.00    0.00    0.00    0.00    0.00    0.00    0.00    0.00  100.00
17:23:11      11    0.00    0.00    0.00    0.00    0.00    0.00    0.00    0.00    0.00  100.00
17:23:11      12    0.00    0.00    1.00    0.00    0.00    0.00    0.00    0.00    0.00   99.00
17:23:11      13    0.00    0.00    0.00    0.00    0.00    0.00    0.00    0.00    0.00  100.00
17:23:11      14    0.00    0.00    0.00    0.00    0.00    0.00    0.00    0.00    0.00  100.00
17:23:11      15    0.00    0.00    0.00    0.00    0.00    0.00    0.00    0.00    0.00  100.00
17:23:11      16    2.02    0.00   13.13    0.00    0.00    0.00    0.00    0.00    0.00   84.85
17:23:11      17    0.00    0.00    0.00    0.00    0.00    0.00    0.00    0.00    0.00  100.00
17:23:11      18    0.00    0.00    0.00    0.00    0.00    0.00    0.00    0.00    0.00  100.00
17:23:11      19    0.00    0.00    0.00    0.00    0.00    0.00    0.00    0.00    0.00  100.00
17:23:11      20    2.02    0.00   13.13    0.00    0.00    0.00    0.00    0.00    0.00   84.85
17:23:11      21    0.00    0.00    0.00    0.00    0.00   29.90    0.00    0.00    0.00   70.10
17:23:11      22    0.00    0.00    0.00    0.00    0.00    0.00    0.00    0.00    0.00  100.00
17:23:11      23    0.00    0.00    0.00    0.00    0.00   28.12    0.00    0.00    0.00   71.88
17:23:11      24    0.00    0.00    0.00    0.00    0.00   40.00    0.00    0.00    0.00   60.00
17:23:11      25    0.00    0.00    0.00    0.00    0.00    0.00    0.00    0.00    0.00  100.00
17:23:11      26    0.00    0.00    0.00    0.00    0.00    0.00    0.00    0.00    0.00  100.00
17:23:11      27    5.05    0.00   32.32    0.00    0.00    1.01    0.00    0.00    0.00   61.62
17:23:11      28    0.00    0.00    0.00    0.00    0.00    0.00    0.00    0.00    0.00  100.00
17:23:11      29    0.00    0.00    0.00    0.00    0.00    0.00    0.00    0.00    0.00  100.00
17:23:11      30    0.00    0.00    0.00    0.00    0.00    0.00    0.00    0.00    0.00  100.00
17:23:11      31    0.00    0.00    0.00    0.00    0.00    0.00    0.00    0.00    0.00  100.00

17:23:11     CPU    %usr   %nice    %sys %iowait    %irq   %soft  %steal  %guest  %gnice   %idle
17:23:12     all    4.00    0.00    4.88    0.00    0.00    3.21    0.00    0.00    0.00   87.91
17:23:12       0    3.09    0.00   15.46    0.00    0.00    0.00    0.00    0.00    0.00   81.44
17:23:12       1    1.02    0.00    9.18    0.00    0.00    0.00    0.00    0.00    0.00   89.80
17:23:12       2    1.02    0.00   13.27    0.00    0.00    0.00    0.00    0.00    0.00   85.71
17:23:12       3    1.98    0.00    8.91    0.00    0.00    0.99    0.00    0.00    0.00   88.12
17:23:12       4    2.02    0.00   16.16    0.00    0.00    1.01    0.00    0.00    0.00   80.81
17:23:12       5    2.00    0.00    7.00    0.00    0.00    0.00    0.00    0.00    0.00   91.00
17:23:12       6    0.00    0.00    1.00    0.00    0.00    0.00    0.00    0.00    0.00   99.00
17:23:12       7    0.00    0.00    0.00    0.00    0.00    0.00    0.00    0.00    0.00  100.00
17:23:12       8  100.00    0.00    0.00    0.00    0.00    0.00    0.00    0.00    0.00    0.00
17:23:12       9    6.19    0.00   30.93    0.00    0.00    1.03    0.00    0.00    0.00   61.86
17:23:12      10    0.00    0.00    0.00    0.00    0.00    0.00    0.00    0.00    0.00  100.00
17:23:12      11    0.00    0.00    0.00    0.00    0.00    0.00    0.00    0.00    0.00  100.00
17:23:12      12    0.00    0.00    0.00    0.00    0.00    0.00    0.00    0.00    0.00  100.00
17:23:12      13    0.00    0.00    0.00    0.00    0.00    0.00    0.00    0.00    0.00  100.00
17:23:12      14    0.00    0.00    0.00    0.00    0.00    0.00    0.00    0.00    0.00  100.00
17:23:12      15    0.00    0.00    0.00    0.00    0.00    0.00    0.00    0.00    0.00  100.00
17:23:12      16    2.04    0.00   12.24    0.00    0.00    0.00    0.00    0.00    0.00   85.71
17:23:12      17    0.00    0.00    0.00    0.00    0.00    0.00    0.00    0.00    0.00  100.00
17:23:12      18    0.00    0.00    0.00    0.00    0.00    0.00    0.00    0.00    0.00  100.00
17:23:12      19    0.00    0.00    0.00    0.00    0.00    0.00    0.00    0.00    0.00  100.00
17:23:12      20    2.04    0.00   11.22    0.00    0.00    1.02    0.00    0.00    0.00   85.71
17:23:12      21    0.00    0.00    0.00    0.00    0.00   29.90    0.00    0.00    0.00   70.10
17:23:12      22    0.00    0.00    1.00    0.00    0.00    0.00    0.00    0.00    0.00   99.00
17:23:12      23    0.00    0.00    0.00    0.00    0.00   29.59    0.00    0.00    0.00   70.41
17:23:12      24    0.00    0.00    0.00    0.00    0.00   40.00    0.00    0.00    0.00   60.00
17:23:12      25    0.00    0.00    0.00    0.00    0.00    0.00    0.00    0.00    0.00  100.00
17:23:12      26    0.00    0.00    0.00    0.00    0.00    0.00    0.00    0.00    0.00  100.00
17:23:12      27    6.00    0.00   31.00    0.00    0.00    2.00    0.00    0.00    0.00   61.00
17:23:12      28    0.00    0.00    0.00    0.00    0.00    0.00    0.00    0.00    0.00  100.00
17:23:12      29    0.00    0.00    0.00    0.00    0.00    0.00    0.00    0.00    0.00  100.00
17:23:12      30    0.00    0.00    0.00    0.00    0.00    0.00    0.00    0.00    0.00  100.00
17:23:12      31    0.00    0.00    0.00    0.00    0.00    0.00    0.00    0.00    0.00  100.00

17:23:12     CPU    %usr   %nice    %sys %iowait    %irq   %soft  %steal  %guest  %gnice   %idle
17:23:13     all    4.03    0.00    5.13    0.00    0.00    2.83    0.00    0.00    0.00   88.02
17:23:13       0    2.02    0.00   15.15    0.00    0.00    1.01    0.00    0.00    0.00   81.82
17:23:13       1    3.00    0.00   12.00    0.00    0.00    0.00    0.00    0.00    0.00   85.00
17:23:13       2    2.91    0.00   15.53    0.00    0.00    0.97    0.00    0.00    0.00   80.58
17:23:13       3    1.00    0.00    5.00    0.00    0.00    0.00    0.00    0.00    0.00   94.00
17:23:13       4    4.00    0.00   17.00    0.00    0.00    0.00    0.00    0.00    0.00   79.00
17:23:13       5    0.99    0.00    8.91    0.00    0.00    0.00    0.00    0.00    0.00   90.10
17:23:13       6    0.00    0.00    2.02    0.00    0.00    0.00    0.00    0.00    0.00   97.98
17:23:13       7    0.00    0.00    1.00    0.00    0.00    0.00    0.00    0.00    0.00   99.00
17:23:13       8  100.00    0.00    0.00    0.00    0.00    0.00    0.00    0.00    0.00    0.00
17:23:13       9    4.08    0.00   32.65    0.00    0.00    0.00    0.00    0.00    0.00   63.27
17:23:13      10    0.00    0.00    0.00    0.00    0.00    0.00    0.00    0.00    0.00  100.00
17:23:13      11    0.00    0.00    0.00    0.00    0.00    0.00    0.00    0.00    0.00  100.00
17:23:13      12    0.00    0.00    0.00    0.00    0.00    0.00    0.00    0.00    0.00  100.00
17:23:13      13    0.00    0.00    0.00    0.00    0.00    0.00    0.00    0.00    0.00  100.00
17:23:13      14    0.00    0.00    0.00    0.00    0.00    0.00    0.00    0.00    0.00  100.00
17:23:13      15    0.00    0.00    0.00    0.00    0.00    0.00    0.00    0.00    0.00  100.00
17:23:13      16    1.98    0.00   12.87    0.00    0.00    0.99    0.00    0.00    0.00   84.16
17:23:13      17    0.00    0.00    0.00    0.00    0.00    0.00    0.00    0.00    0.00  100.00
17:23:13      18    0.00    0.00    0.00    0.00    0.00    0.00    0.00    0.00    0.00  100.00
17:23:13      19    0.00    0.00    0.00    0.00    0.00    0.00    0.00    0.00    0.00  100.00
17:23:13      20    2.02    0.00   12.12    0.00    0.00    0.00    0.00    0.00    0.00   85.86
17:23:13      21    0.00    0.00    0.00    0.00    0.00   26.60    0.00    0.00    0.00   73.40
17:23:13      22    0.00    0.00    0.00    0.00    0.00    0.00    0.00    0.00    0.00  100.00
17:23:13      23    0.00    0.00    0.00    0.00    0.00   25.53    0.00    0.00    0.00   74.47
17:23:13      24    0.00    0.00    0.00    0.00    0.00   38.95    0.00    0.00    0.00   61.05
17:23:13      25    0.00    0.00    0.00    0.00    0.00    0.00    0.00    0.00    0.00  100.00
17:23:13      26    0.00    0.00    0.00    0.00    0.00    0.00    0.00    0.00    0.00  100.00
17:23:13      27    6.25    0.00   29.17    0.00    0.00    1.04    0.00    0.00    0.00   63.54
17:23:13      28    0.00    0.00    0.00    0.00    0.00    0.00    0.00    0.00    0.00  100.00
17:23:13      29    0.00    0.00    0.00    0.00    0.00    0.00    0.00    0.00    0.00  100.00
17:23:13      30    0.00    0.00    0.99    0.00    0.00    0.00    0.00    0.00    0.00   99.01
17:23:13      31    0.00    0.00    0.00    0.00    0.00    0.00    0.00    0.00    0.00  100.00

Average:     CPU    %usr   %nice    %sys %iowait    %irq   %soft  %steal  %guest  %gnice   %idle
Average:     all    3.77    0.00    4.88    0.00    0.00    3.24    0.00    0.00    0.00   88.11
Average:       0    2.24    0.00   13.46    0.00    0.00    0.41    0.00    0.00    0.00   83.89
Average:       1    1.82    0.00   10.74    0.00    0.00    0.20    0.00    0.00    0.00   87.23
Average:       2    2.23    0.00   13.87    0.00    0.00    0.40    0.00    0.00    0.00   83.50
Average:       3    1.21    0.00    7.88    0.00    0.00    0.20    0.00    0.00    0.00   90.71
Average:       4    2.64    0.00   16.06    0.00    0.00    0.41    0.00    0.00    0.00   80.89
Average:       5    1.41    0.00    8.88    0.00    0.00    0.10    0.00    0.00    0.00   89.61
Average:       6    0.40    0.00    2.11    0.00    0.00    0.00    0.00    0.00    0.00   97.48
Average:       7    0.20    0.00    1.00    0.00    0.00    0.00    0.00    0.00    0.00   98.80
Average:       8   93.80    0.00    0.00    0.00    0.00    6.20    0.00    0.00    0.00    0.00
Average:       9    1.72    0.00   11.14    0.00    0.00    0.61    0.00    0.00    0.00   86.52
Average:      10    0.10    0.00    0.20    0.00    0.00    0.10    0.00    0.00    0.00   99.60
Average:      11    0.00    0.00    0.20    0.00    0.00    0.40    0.00    0.00    0.00   99.40
Average:      12    0.10    0.00    0.40    0.00    0.00    0.00    0.00    0.00    0.00   99.50
Average:      13    0.10    0.00    0.00    0.00    0.00    0.40    0.00    0.00    0.00   99.50
Average:      14    0.00    0.00    0.00    0.00    0.00    0.30    0.00    0.00    0.00   99.70
Average:      15    0.00    0.00    0.30    0.00    0.00    0.20    0.00    0.00    0.00   99.50
Average:      16    1.61    0.00   11.10    0.00    0.00    0.20    0.00    0.00    0.00   87.08
Average:      17    0.00    0.00    0.10    0.00    0.00    0.00    0.00    0.00    0.00   99.90
Average:      18    0.00    0.00    0.00    0.00    0.00    0.00    0.00    0.00    0.00  100.00
Average:      19    0.00    0.00    0.10    0.00    0.00    0.10    0.00    0.00    0.00   99.80
Average:      20    0.80    0.00    4.62    0.00    0.00    0.10    0.00    0.00    0.00   94.47
Average:      21    0.21    0.00    0.73    0.00    0.00   28.26    0.00    0.00    0.00   70.80
Average:      22    0.00    0.00    0.40    0.00    0.00    0.00    0.00    0.00    0.00   99.60
Average:      23    0.21    0.00    1.04    0.00    0.00   27.56    0.00    0.00    0.00   71.19
Average:      24    2.40    0.00   12.72    0.00    0.00   39.31    0.00    0.00    0.00   45.57
Average:      25    1.31    0.00    8.48    0.00    0.00    0.20    0.00    0.00    0.00   90.01
Average:      26    0.10    0.00    0.60    0.00    0.00    0.00    0.00    0.00    0.00   99.30
Average:      27    5.03    0.00   29.74    0.00    0.00    0.82    0.00    0.00    0.00   64.41
Average:      28    0.10    0.00    0.40    0.00    0.00    0.00    0.00    0.00    0.00   99.50
Average:      29    0.10    0.00    0.30    0.00    0.00    0.00    0.00    0.00    0.00   99.60
Average:      30    0.10    0.00    0.40    0.00    0.00    0.00    0.00    0.00    0.00   99.50
Average:      31    0.10    0.00    0.30    0.00    0.00    0.00    0.00    0.00    0.00   99.60
