Linux 7.0.0-22-generic (ms-a2-gateway) 	06/07/26 	_x86_64_	(32 CPU)

17:22:23     CPU    %usr   %nice    %sys %iowait    %irq   %soft  %steal  %guest  %gnice   %idle
17:22:24     all    0.87    0.00    4.04    0.00    0.00    3.34    0.00    0.00    0.00   91.76
17:22:24       0    1.03    0.00   11.34    0.00    0.00    1.03    0.00    0.00    0.00   86.60
17:22:24       1    2.06    0.00   10.31    0.00    0.00    0.00    0.00    0.00    0.00   87.63
17:22:24       2    2.06    0.00   10.31    0.00    0.00    0.00    0.00    0.00    0.00   87.63
17:22:24       3    2.02    0.00   10.10    0.00    0.00    0.00    0.00    0.00    0.00   87.88
17:22:24       4    2.97    0.00   13.86    0.00    0.00    0.99    0.00    0.00    0.00   82.18
17:22:24       5    1.01    0.00    8.08    0.00    0.00    0.00    0.00    0.00    0.00   90.91
17:22:24       6    0.00    0.00    4.12    0.00    0.00    0.00    0.00    0.00    0.00   95.88
17:22:24       7    0.00    0.00    1.02    0.00    0.00    0.00    0.00    0.00    0.00   98.98
17:22:24       8    0.00    0.00    0.00    0.00    0.00   79.41    0.00    0.00    0.00   20.59
17:22:24       9    0.00    0.00    0.00    0.00    0.00   15.96    0.00    0.00    0.00   84.04
17:22:24      10    0.00    0.00    2.17    0.00    0.00    3.26    0.00    0.00    0.00   94.57
17:22:24      11    1.06    0.00    3.19    0.00    0.00    0.00    0.00    0.00    0.00   95.74
17:22:24      12    2.11    0.00    2.11    0.00    0.00    0.00    0.00    0.00    0.00   95.79
17:22:24      13    0.00    0.00    1.03    0.00    0.00    1.03    0.00    0.00    0.00   97.94
17:22:24      14    0.00    0.00    0.00    0.00    0.00    5.43    0.00    0.00    0.00   94.57
17:22:24      15    0.00    0.00    0.00    0.00    0.00    6.25    0.00    0.00    0.00   93.75
17:22:24      16    1.00    0.00    1.00    0.00    0.00    0.00    0.00    0.00    0.00   98.00
17:22:24      17    0.00    0.00    2.00    0.00    0.00    0.00    0.00    0.00    0.00   98.00
17:22:24      18    0.00    0.00    1.00    0.00    0.00    0.00    0.00    0.00    0.00   99.00
17:22:24      19    0.00    0.00    0.00    0.00    0.00    0.00    0.00    0.00    0.00  100.00
17:22:24      20    0.00    0.00    0.00    0.00    0.00    0.00    0.00    0.00    0.00  100.00
17:22:24      21    0.00    0.00    2.13    0.00    0.00   20.21    0.00    0.00    0.00   77.66
17:22:24      22    1.20    0.00    3.61    0.00    0.00    9.64    0.00    0.00    0.00   85.54
17:22:24      23    2.20    0.00    7.69    0.00    0.00   15.38    0.00    0.00    0.00   74.73
17:22:24      24    2.22    0.00    3.33    0.00    0.00    0.00    0.00    0.00    0.00   94.44
17:22:24      25    1.11    0.00    4.44    0.00    0.00    0.00    0.00    0.00    0.00   94.44
17:22:24      26    0.00    0.00    4.30    0.00    0.00    0.00    0.00    0.00    0.00   95.70
17:22:24      27    2.15    0.00    4.30    0.00    0.00    0.00    0.00    0.00    0.00   93.55
17:22:24      28    1.06    0.00    4.26    0.00    0.00    0.00    0.00    0.00    0.00   94.68
17:22:24      29    2.13    0.00    5.32    0.00    0.00    0.00    0.00    0.00    0.00   92.55
17:22:24      30    0.00    0.00    2.02    0.00    0.00    0.00    0.00    0.00    0.00   97.98
17:22:24      31    0.00    0.00    3.12    0.00    0.00    0.00    0.00    0.00    0.00   96.88

17:22:24     CPU    %usr   %nice    %sys %iowait    %irq   %soft  %steal  %guest  %gnice   %idle
17:22:25     all    0.91    0.00    4.34    0.00    0.00    2.32    0.00    0.00    0.00   92.43
17:22:25       0    2.00    0.00   15.00    0.00    0.00    1.00    0.00    0.00    0.00   82.00
17:22:25       1    1.02    0.00   11.22    0.00    0.00    0.00    0.00    0.00    0.00   87.76
17:22:25       2    2.02    0.00   12.12    0.00    0.00    0.00    0.00    0.00    0.00   85.86
17:22:25       3    1.02    0.00    9.18    0.00    0.00    1.02    0.00    0.00    0.00   88.78
17:22:25       4    2.06    0.00   12.37    0.00    0.00    0.00    0.00    0.00    0.00   85.57
17:22:25       5    2.02    0.00   10.10    0.00    0.00    0.00    0.00    0.00    0.00   87.88
17:22:25       6    1.01    0.00    5.05    0.00    0.00    0.00    0.00    0.00    0.00   93.94
17:22:25       7    0.00    0.00    3.03    0.00    0.00    0.00    0.00    0.00    0.00   96.97
17:22:25       8    0.00    0.00    0.00    0.00    0.00   78.79    0.00    0.00    0.00   21.21
17:22:25       9    0.00    0.00    2.13    0.00    0.00   11.70    0.00    0.00    0.00   86.17
17:22:25      10    0.00    0.00    0.00    0.00    0.00    1.08    0.00    0.00    0.00   98.92
17:22:25      11    3.16    0.00    5.26    0.00    0.00    0.00    0.00    0.00    0.00   91.58
17:22:25      12    1.06    0.00    3.19    0.00    0.00    0.00    0.00    0.00    0.00   95.74
17:22:25      13    0.00    0.00    1.05    0.00    0.00    1.05    0.00    0.00    0.00   97.89
17:22:25      14    0.00    0.00    1.09    0.00    0.00    6.52    0.00    0.00    0.00   92.39
17:22:25      15    0.00    0.00    0.00    0.00    0.00    1.08    0.00    0.00    0.00   98.92
17:22:25      16    1.03    0.00   10.31    0.00    0.00    0.00    0.00    0.00    0.00   88.66
17:22:25      17    0.00    0.00    0.00    0.00    0.00    0.00    0.00    0.00    0.00  100.00
17:22:25      18    0.00    0.00    0.00    0.00    0.00    0.00    0.00    0.00    0.00  100.00
17:22:25      19    0.00    0.00    0.00    0.00    0.00    0.00    0.00    0.00    0.00  100.00
17:22:25      20    0.00    0.00    0.00    0.00    0.00    0.00    0.00    0.00    0.00  100.00
17:22:25      21    0.00    0.00    1.15    0.00    0.00   11.49    0.00    0.00    0.00   87.36
17:22:25      22    0.00    0.00    2.41    0.00    0.00    8.43    0.00    0.00    0.00   89.16
17:22:25      23    0.00    0.00    1.27    0.00    0.00    5.06    0.00    0.00    0.00   93.67
17:22:25      24    1.09    0.00    2.17    0.00    0.00    0.00    0.00    0.00    0.00   96.74
17:22:25      25    2.15    0.00    3.23    0.00    0.00    0.00    0.00    0.00    0.00   94.62
17:22:25      26    2.11    0.00    7.37    0.00    0.00    0.00    0.00    0.00    0.00   90.53
17:22:25      27    1.08    0.00    3.23    0.00    0.00    0.00    0.00    0.00    0.00   95.70
17:22:25      28    1.09    0.00    4.35    0.00    0.00    0.00    0.00    0.00    0.00   94.57
17:22:25      29    2.15    0.00    3.23    0.00    0.00    0.00    0.00    0.00    0.00   94.62
17:22:25      30    1.06    0.00    3.19    0.00    0.00    0.00    0.00    0.00    0.00   95.74
17:22:25      31    1.01    0.00    1.01    0.00    0.00    0.00    0.00    0.00    0.00   97.98

17:22:25     CPU    %usr   %nice    %sys %iowait    %irq   %soft  %steal  %guest  %gnice   %idle
17:22:26     all    0.55    0.00    3.59    0.00    0.00    0.48    0.00    0.00    0.00   95.38
17:22:26       0    2.02    0.00   14.14    0.00    0.00    1.01    0.00    0.00    0.00   82.83
17:22:26       1    2.00    0.00   11.00    0.00    0.00    0.00    0.00    0.00    0.00   87.00
17:22:26       2    1.01    0.00   12.12    0.00    0.00    0.00    0.00    0.00    0.00   86.87
17:22:26       3    1.02    0.00   11.22    0.00    0.00    0.00    0.00    0.00    0.00   87.76
17:22:26       4    2.04    0.00   14.29    0.00    0.00    0.00    0.00    0.00    0.00   83.67
17:22:26       5    2.02    0.00    9.09    0.00    0.00    1.01    0.00    0.00    0.00   87.88
17:22:26       6    1.01    0.00    6.06    0.00    0.00    0.00    0.00    0.00    0.00   92.93
17:22:26       7    1.01    0.00    3.03    0.00    0.00    0.00    0.00    0.00    0.00   95.96
17:22:26       8    0.00    0.00    0.00    0.00    0.00    4.49    0.00    0.00    0.00   95.51
17:22:26       9    0.00    0.00    0.00    0.00    0.00    3.03    0.00    0.00    0.00   96.97
17:22:26      10    0.00    0.00    0.00    0.00    0.00    0.00    0.00    0.00    0.00  100.00
17:22:26      11    0.00    0.00    0.00    0.00    0.00    0.00    0.00    0.00    0.00  100.00
17:22:26      12    0.00    0.00    0.00    0.00    0.00    0.00    0.00    0.00    0.00  100.00
17:22:26      13    0.00    0.00    1.02    0.00    0.00    0.00    0.00    0.00    0.00   98.98
17:22:26      14    0.00    0.00    0.00    0.00    0.00    1.02    0.00    0.00    0.00   98.98
17:22:26      15    0.00    0.00    0.00    0.00    0.00    0.00    0.00    0.00    0.00  100.00
17:22:26      16    2.00    0.00   13.00    0.00    0.00    0.00    0.00    0.00    0.00   85.00
17:22:26      17    1.00    0.00    1.00    0.00    0.00    0.00    0.00    0.00    0.00   98.00
17:22:26      18    0.00    0.00    1.00    0.00    0.00    0.00    0.00    0.00    0.00   99.00
17:22:26      19    0.00    0.00    0.00    0.00    0.00    0.00    0.00    0.00    0.00  100.00
17:22:26      20    0.99    0.00    7.92    0.00    0.00    0.00    0.00    0.00    0.00   91.09
17:22:26      21    0.00    0.00    0.00    0.00    0.00    2.53    0.00    0.00    0.00   97.47
17:22:26      22    0.00    0.00    0.00    0.00    0.00    2.63    0.00    0.00    0.00   97.37
17:22:26      23    0.00    0.00    0.00    0.00    0.00    1.33    0.00    0.00    0.00   98.67
17:22:26      24    0.00    0.00    1.01    0.00    0.00    0.00    0.00    0.00    0.00   98.99
17:22:26      25    0.00    0.00    1.02    0.00    0.00    0.00    0.00    0.00    0.00   98.98
17:22:26      26    0.00    0.00    1.02    0.00    0.00    0.00    0.00    0.00    0.00   98.98
17:22:26      27    0.00    0.00    1.00    0.00    0.00    0.00    0.00    0.00    0.00   99.00
17:22:26      28    1.00    0.00    1.00    0.00    0.00    0.00    0.00    0.00    0.00   98.00
17:22:26      29    0.00    0.00    1.01    0.00    0.00    0.00    0.00    0.00    0.00   98.99
17:22:26      30    0.00    0.00    1.00    0.00    0.00    0.00    0.00    0.00    0.00   99.00
17:22:26      31    0.00    0.00    0.00    0.00    0.00    0.00    0.00    0.00    0.00  100.00

17:22:26     CPU    %usr   %nice    %sys %iowait    %irq   %soft  %steal  %guest  %gnice   %idle
17:22:27     all    0.39    0.00    3.31    0.00    0.00    0.42    0.00    0.00    0.00   95.89
17:22:27       0    2.02    0.00   14.14    0.00    0.00    0.00    0.00    0.00    0.00   83.84
17:22:27       1    0.00    0.00    9.18    0.00    0.00    1.02    0.00    0.00    0.00   89.80
17:22:27       2    2.06    0.00   12.37    0.00    0.00    1.03    0.00    0.00    0.00   84.54
17:22:27       3    2.06    0.00    9.28    0.00    0.00    1.03    0.00    0.00    0.00   87.63
17:22:27       4    1.02    0.00   13.27    0.00    0.00    0.00    0.00    0.00    0.00   85.71
17:22:27       5    1.03    0.00    9.28    0.00    0.00    0.00    0.00    0.00    0.00   89.69
17:22:27       6    1.00    0.00    5.00    0.00    0.00    0.00    0.00    0.00    0.00   94.00
17:22:27       7    0.00    0.00    3.00    0.00    0.00    1.00    0.00    0.00    0.00   96.00
17:22:27       8    0.00    0.00    0.00    0.00    0.00    0.00    0.00    0.00    0.00  100.00
17:22:27       9    0.00    0.00    1.00    0.00    0.00    0.00    0.00    0.00    0.00   99.00
17:22:27      10    0.00    0.00    0.00    0.00    0.00    0.00    0.00    0.00    0.00  100.00
17:22:27      11    0.00    0.00    2.02    0.00    0.00    0.00    0.00    0.00    0.00   97.98
17:22:27      12    0.00    0.00    0.00    0.00    0.00    0.00    0.00    0.00    0.00  100.00
17:22:27      13    0.00    0.00    0.00    0.00    0.00    0.00    0.00    0.00    0.00  100.00
17:22:27      14    0.00    0.00    0.00    0.00    0.00    0.00    0.00    0.00    0.00  100.00
17:22:27      15    0.00    0.00    0.00    0.00    0.00    0.00    0.00    0.00    0.00  100.00
17:22:27      16    2.97    0.00   18.81    0.00    0.00    0.99    0.00    0.00    0.00   77.23
17:22:27      17    0.00    0.00    1.01    0.00    0.00    0.00    0.00    0.00    0.00   98.99
17:22:27      18    0.00    0.00    2.00    0.00    0.00    1.00    0.00    0.00    0.00   97.00
17:22:27      19    0.00    0.00    0.00    0.00    0.00    0.00    0.00    0.00    0.00  100.00
17:22:27      20    0.00    0.00    3.03    0.00    0.00    0.00    0.00    0.00    0.00   96.97
17:22:27      21    0.00    0.00    0.00    0.00    0.00    2.60    0.00    0.00    0.00   97.40
17:22:27      22    0.00    0.00    0.00    0.00    0.00    3.95    0.00    0.00    0.00   96.05
17:22:27      23    0.00    0.00    1.32    0.00    0.00    2.63    0.00    0.00    0.00   96.05
17:22:27      24    0.00    0.00    0.00    0.00    0.00    0.00    0.00    0.00    0.00  100.00
17:22:27      25    0.00    0.00    0.00    0.00    0.00    0.00    0.00    0.00    0.00  100.00
17:22:27      26    0.00    0.00    0.00    0.00    0.00    0.00    0.00    0.00    0.00  100.00
17:22:27      27    0.00    0.00    0.00    0.00    0.00    0.00    0.00    0.00    0.00  100.00
17:22:27      28    0.00    0.00    0.00    0.00    0.00    0.00    0.00    0.00    0.00  100.00
17:22:27      29    0.00    0.00    0.00    0.00    0.00    0.00    0.00    0.00    0.00  100.00
17:22:27      30    0.00    0.00    0.00    0.00    0.00    0.00    0.00    0.00    0.00  100.00
17:22:27      31    0.00    0.00    0.00    0.00    0.00    0.00    0.00    0.00    0.00  100.00

17:22:27     CPU    %usr   %nice    %sys %iowait    %irq   %soft  %steal  %guest  %gnice   %idle
17:22:28     all    0.57    0.00    3.16    0.00    0.00    0.67    0.00    0.00    0.00   95.59
17:22:28       0    3.03    0.00   12.12    0.00    0.00    1.01    0.00    0.00    0.00   83.84
17:22:28       1    2.08    0.00   10.42    0.00    0.00    0.00    0.00    0.00    0.00   87.50
17:22:28       2    1.02    0.00   13.27    0.00    0.00    0.00    0.00    0.00    0.00   85.71
17:22:28       3    0.00    0.00   12.12    0.00    0.00    0.00    0.00    0.00    0.00   87.88
17:22:28       4    3.06    0.00   15.31    0.00    0.00    1.02    0.00    0.00    0.00   80.61
17:22:28       5    1.00    0.00    9.00    0.00    0.00    0.00    0.00    0.00    0.00   90.00
17:22:28       6    0.98    0.00    2.94    0.00    0.00    0.98    0.00    0.00    0.00   95.10
17:22:28       7    1.00    0.00    4.00    0.00    0.00    0.00    0.00    0.00    0.00   95.00
17:22:28       8    0.00    0.00    0.00    0.00    0.00    0.00    0.00    0.00    0.00  100.00
17:22:28       9    0.00    0.00    0.00    0.00    0.00    0.00    0.00    0.00    0.00  100.00
17:22:28      10    0.00    0.00    0.99    0.00    0.00    0.00    0.00    0.00    0.00   99.01
17:22:28      11    0.00    0.00    0.00    0.00    0.00    0.00    0.00    0.00    0.00  100.00
17:22:28      12    0.00    0.00    0.00    0.00    0.00    0.00    0.00    0.00    0.00  100.00
17:22:28      13    0.00    0.00    0.00    0.00    0.00    0.00    0.00    0.00    0.00  100.00
17:22:28      14    0.99    0.00    0.00    0.00    0.00    0.00    0.00    0.00    0.00   99.01
17:22:28      15    0.00    0.00    0.00    0.00    0.00    0.00    0.00    0.00    0.00  100.00
17:22:28      16    2.04    0.00   12.24    0.00    0.00    1.02    0.00    0.00    0.00   84.69
17:22:28      17    0.00    0.00    0.00    0.00    0.00    0.00    0.00    0.00    0.00  100.00
17:22:28      18    0.00    0.00    0.00    0.00    0.00    0.00    0.00    0.00    0.00  100.00
17:22:28      19    0.00    0.00    0.00    0.00    0.00    0.00    0.00    0.00    0.00  100.00
17:22:28      20    0.00    0.00    0.00    0.00    0.00    0.00    0.00    0.00    0.00  100.00
17:22:28      21    1.22    0.00    2.44    0.00    0.00    6.10    0.00    0.00    0.00   90.24
17:22:28      22    2.38    0.00    7.14    0.00    0.00   13.10    0.00    0.00    0.00   77.38
17:22:28      23    0.00    0.00    0.00    0.00    0.00    1.35    0.00    0.00    0.00   98.65
17:22:28      24    0.00    0.00    0.00    0.00    0.00    0.00    0.00    0.00    0.00  100.00
17:22:28      25    0.00    0.00    0.00    0.00    0.00    0.00    0.00    0.00    0.00  100.00
17:22:28      26    0.00    0.00    0.00    0.00    0.00    0.00    0.00    0.00    0.00  100.00
17:22:28      27    0.00    0.00    0.00    0.00    0.00    0.00    0.00    0.00    0.00  100.00
17:22:28      28    0.00    0.00    0.00    0.00    0.00    0.00    0.00    0.00    0.00  100.00
17:22:28      29    0.00    0.00    0.00    0.00    0.00    0.00    0.00    0.00    0.00  100.00
17:22:28      30    0.00    0.00    0.00    0.00    0.00    0.00    0.00    0.00    0.00  100.00
17:22:28      31    0.00    0.00    0.00    0.00    0.00    0.00    0.00    0.00    0.00  100.00

17:22:28     CPU    %usr   %nice    %sys %iowait    %irq   %soft  %steal  %guest  %gnice   %idle
17:22:29     all    0.48    0.00    3.14    0.00    0.00    0.42    0.00    0.00    0.00   95.96
17:22:29       0    1.03    0.00   11.34    0.00    0.00    1.03    0.00    0.00    0.00   86.60
17:22:29       1    1.01    0.00   11.11    0.00    0.00    0.00    0.00    0.00    0.00   87.88
17:22:29       2    3.03    0.00   13.13    0.00    0.00    1.01    0.00    0.00    0.00   82.83
17:22:29       3    2.06    0.00   11.34    0.00    0.00    0.00    0.00    0.00    0.00   86.60
17:22:29       4    2.06    0.00   14.43    0.00    0.00    0.00    0.00    0.00    0.00   83.51
17:22:29       5    2.02    0.00    9.09    0.00    0.00    0.00    0.00    0.00    0.00   88.89
17:22:29       6    0.00    0.00    6.25    0.00    0.00    0.00    0.00    0.00    0.00   93.75
17:22:29       7    0.00    0.00    5.05    0.00    0.00    0.00    0.00    0.00    0.00   94.95
17:22:29       8    0.98    0.00    0.98    0.00    0.00    0.00    0.00    0.00    0.00   98.04
17:22:29       9    0.00    0.00    0.00    0.00    0.00    0.00    0.00    0.00    0.00  100.00
17:22:29      10    0.00    0.00    0.00    0.00    0.00    0.00    0.00    0.00    0.00  100.00
17:22:29      11    0.00    0.00    0.00    0.00    0.00    0.00    0.00    0.00    0.00  100.00
17:22:29      12    0.00    0.00    0.00    0.00    0.00    0.00    0.00    0.00    0.00  100.00
17:22:29      13    0.00    0.00    0.00    0.00    0.00    0.00    0.00    0.00    0.00  100.00
17:22:29      14    0.00    0.00    0.00    0.00    0.00    0.00    0.00    0.00    0.00  100.00
17:22:29      15    0.00    0.00    0.00    0.00    0.00    0.00    0.00    0.00    0.00  100.00
17:22:29      16    1.00    0.00   15.00    0.00    0.00    0.00    0.00    0.00    0.00   84.00
17:22:29      17    0.00    0.00    0.00    0.00    0.00    0.00    0.00    0.00    0.00  100.00
17:22:29      18    0.00    0.00    0.00    0.00    0.00    0.00    0.00    0.00    0.00  100.00
17:22:29      19    0.00    0.00    0.00    0.00    0.00    0.00    0.00    0.00    0.00  100.00
17:22:29      20    0.00    0.00    0.00    0.00    0.00    0.00    0.00    0.00    0.00  100.00
17:22:29      21    0.00    0.00    0.00    0.00    0.00    1.32    0.00    0.00    0.00   98.68
17:22:29      22    1.22    0.00    2.44    0.00    0.00    9.76    0.00    0.00    0.00   86.59
17:22:29      23    1.32    0.00    0.00    0.00    0.00    2.63    0.00    0.00    0.00   96.05
17:22:29      24    0.00    0.00    0.00    0.00    0.00    0.00    0.00    0.00    0.00  100.00
17:22:29      25    0.00    0.00    0.00    0.00    0.00    0.00    0.00    0.00    0.00  100.00
17:22:29      26    0.00    0.00    0.00    0.00    0.00    0.00    0.00    0.00    0.00  100.00
17:22:29      27    0.00    0.00    0.00    0.00    0.00    0.00    0.00    0.00    0.00  100.00
17:22:29      28    0.00    0.00    0.00    0.00    0.00    0.00    0.00    0.00    0.00  100.00
17:22:29      29    0.00    0.00    0.00    0.00    0.00    0.00    0.00    0.00    0.00  100.00
17:22:29      30    0.00    0.00    0.00    0.00    0.00    0.00    0.00    0.00    0.00  100.00
17:22:29      31    0.00    0.00    0.00    0.00    0.00    0.00    0.00    0.00    0.00  100.00

17:22:29     CPU    %usr   %nice    %sys %iowait    %irq   %soft  %steal  %guest  %gnice   %idle
17:22:30     all    0.48    0.00    3.04    0.00    0.00    0.77    0.00    0.00    0.00   95.71
17:22:30       0    3.09    0.00   12.37    0.00    0.00    0.00    0.00    0.00    0.00   84.54
17:22:30       1    1.02    0.00   11.22    0.00    0.00    0.00    0.00    0.00    0.00   87.76
17:22:30       2    2.06    0.00   12.37    0.00    0.00    1.03    0.00    0.00    0.00   84.54
17:22:30       3    1.02    0.00   10.20    0.00    0.00    1.02    0.00    0.00    0.00   87.76
17:22:30       4    3.06    0.00   14.29    0.00    0.00    1.02    0.00    0.00    0.00   81.63
17:22:30       5    1.01    0.00   10.10    0.00    0.00    1.01    0.00    0.00    0.00   87.88
17:22:30       6    1.01    0.00    3.03    0.00    0.00    0.00    0.00    0.00    0.00   95.96
17:22:30       7    0.00    0.00    2.00    0.00    0.00    0.00    0.00    0.00    0.00   98.00
17:22:30       8    0.00    0.00    0.00    0.00    0.00    0.00    0.00    0.00    0.00  100.00
17:22:30       9    0.00    0.00    0.00    0.00    0.00    0.00    0.00    0.00    0.00  100.00
17:22:30      10    0.00    0.00    0.00    0.00    0.00    0.00    0.00    0.00    0.00  100.00
17:22:30      11    0.00    0.00    0.00    0.00    0.00    0.00    0.00    0.00    0.00  100.00
17:22:30      12    0.00    0.00    0.00    0.00    0.00    0.00    0.00    0.00    0.00  100.00
17:22:30      13    0.00    0.00    0.00    0.00    0.00    0.00    0.00    0.00    0.00  100.00
17:22:30      14    0.00    0.00    0.00    0.00    0.00    0.00    0.00    0.00    0.00  100.00
17:22:30      15    0.00    0.00    0.00    0.00    0.00    0.00    0.00    0.00    0.00  100.00
17:22:30      16    2.02    0.00   13.13    0.00    0.00    1.01    0.00    0.00    0.00   83.84
17:22:30      17    1.01    0.00    6.06    0.00    0.00    0.00    0.00    0.00    0.00   92.93
17:22:30      18    0.00    0.00    0.00    0.00    0.00    0.00    0.00    0.00    0.00  100.00
17:22:30      19    0.00    0.00    0.00    0.00    0.00    0.00    0.00    0.00    0.00  100.00
17:22:30      20    0.00    0.00    0.00    0.00    0.00    0.00    0.00    0.00    0.00  100.00
17:22:30      21    0.00    0.00    0.00    0.00    0.00    1.30    0.00    0.00    0.00   98.70
17:22:30      22    0.00    0.00    0.00    0.00    0.00    2.67    0.00    0.00    0.00   97.33
17:22:30      23    0.00    0.00    2.22    0.00    0.00   17.78    0.00    0.00    0.00   80.00
17:22:30      24    0.00    0.00    0.00    0.00    0.00    0.00    0.00    0.00    0.00  100.00
17:22:30      25    0.00    0.00    0.00    0.00    0.00    0.00    0.00    0.00    0.00  100.00
17:22:30      26    0.00    0.00    0.00    0.00    0.00    0.00    0.00    0.00    0.00  100.00
17:22:30      27    0.00    0.00    0.00    0.00    0.00    0.00    0.00    0.00    0.00  100.00
17:22:30      28    0.00    0.00    0.00    0.00    0.00    0.00    0.00    0.00    0.00  100.00
17:22:30      29    0.00    0.00    0.00    0.00    0.00    0.00    0.00    0.00    0.00  100.00
17:22:30      30    0.00    0.00    0.00    0.00    0.00    0.00    0.00    0.00    0.00  100.00
17:22:30      31    0.00    0.00    0.00    0.00    0.00    0.00    0.00    0.00    0.00  100.00

17:22:30     CPU    %usr   %nice    %sys %iowait    %irq   %soft  %steal  %guest  %gnice   %idle
17:22:31     all    0.51    0.00    3.13    0.00    0.00    0.86    0.00    0.00    0.00   95.50
17:22:31       0    1.03    0.00   14.43    0.00    0.00    1.03    0.00    0.00    0.00   83.51
17:22:31       1    2.02    0.00    9.09    0.00    0.00    1.01    0.00    0.00    0.00   87.88
17:22:31       2    2.06    0.00   12.37    0.00    0.00    0.00    0.00    0.00    0.00   85.57
17:22:31       3    2.04    0.00    6.12    0.00    0.00    0.00    0.00    0.00    0.00   91.84
17:22:31       4    2.04    0.00   16.33    0.00    0.00    0.00    0.00    0.00    0.00   81.63
17:22:31       5    1.01    0.00   12.12    0.00    0.00    0.00    0.00    0.00    0.00   86.87
17:22:31       6    1.01    0.00    4.04    0.00    0.00    0.00    0.00    0.00    0.00   94.95
17:22:31       7    0.99    0.00    1.98    0.00    0.00    0.00    0.00    0.00    0.00   97.03
17:22:31       8    0.00    0.00    0.00    0.00    0.00    0.00    0.00    0.00    0.00  100.00
17:22:31       9    0.00    0.00    0.00    0.00    0.00    0.00    0.00    0.00    0.00  100.00
17:22:31      10    0.00    0.00    0.00    0.00    0.00    0.00    0.00    0.00    0.00  100.00
17:22:31      11    0.00    0.00    0.00    0.00    0.00    0.00    0.00    0.00    0.00  100.00
17:22:31      12    0.00    0.00    0.00    0.00    0.00    0.00    0.00    0.00    0.00  100.00
17:22:31      13    0.00    0.00    0.00    0.00    0.00    0.00    0.00    0.00    0.00  100.00
17:22:31      14    0.00    0.00    0.00    0.00    0.00    0.00    0.00    0.00    0.00  100.00
17:22:31      15    0.00    0.00    0.00    0.00    0.00    0.00    0.00    0.00    0.00  100.00
17:22:31      16    3.03    0.00   16.16    0.00    0.00    1.01    0.00    0.00    0.00   79.80
17:22:31      17    1.00    0.00    3.00    0.00    0.00    0.00    0.00    0.00    0.00   96.00
17:22:31      18    0.00    0.00    1.00    0.00    0.00    0.00    0.00    0.00    0.00   99.00
17:22:31      19    0.00    0.00    2.00    0.00    0.00    0.00    0.00    0.00    0.00   98.00
17:22:31      20    0.00    0.00    0.00    0.00    0.00    0.00    0.00    0.00    0.00  100.00
17:22:31      21    0.00    0.00    0.00    0.00    0.00    1.32    0.00    0.00    0.00   98.68
17:22:31      22    0.00    0.00    0.00    0.00    0.00    5.13    0.00    0.00    0.00   94.87
17:22:31      23    0.00    0.00    1.08    0.00    0.00   20.43    0.00    0.00    0.00   78.49
17:22:31      24    0.00    0.00    0.00    0.00    0.00    0.00    0.00    0.00    0.00  100.00
17:22:31      25    0.00    0.00    0.00    0.00    0.00    0.00    0.00    0.00    0.00  100.00
17:22:31      26    0.00    0.00    0.00    0.00    0.00    0.00    0.00    0.00    0.00  100.00
17:22:31      27    0.00    0.00    0.00    0.00    0.00    0.00    0.00    0.00    0.00  100.00
17:22:31      28    0.00    0.00    0.00    0.00    0.00    0.00    0.00    0.00    0.00  100.00
17:22:31      29    0.00    0.00    0.00    0.00    0.00    0.00    0.00    0.00    0.00  100.00
17:22:31      30    0.00    0.00    0.00    0.00    0.00    0.00    0.00    0.00    0.00  100.00
17:22:31      31    0.00    0.00    0.00    0.00    0.00    0.00    0.00    0.00    0.00  100.00

17:22:31     CPU    %usr   %nice    %sys %iowait    %irq   %soft  %steal  %guest  %gnice   %idle
17:22:32     all    0.41    0.00    3.13    0.00    0.00    0.89    0.00    0.00    0.00   95.56
17:22:32       0    2.04    0.00   12.24    0.00    0.00    0.00    0.00    0.00    0.00   85.71
17:22:32       1    2.02    0.00   11.11    0.00    0.00    0.00    0.00    0.00    0.00   86.87
17:22:32       2    2.04    0.00   12.24    0.00    0.00    1.02    0.00    0.00    0.00   84.69
17:22:32       3    1.02    0.00   11.22    0.00    0.00    0.00    0.00    0.00    0.00   87.76
17:22:32       4    2.06    0.00   15.46    0.00    0.00    0.00    0.00    0.00    0.00   82.47
17:22:32       5    1.03    0.00    8.25    0.00    0.00    0.00    0.00    0.00    0.00   90.72
17:22:32       6    0.00    0.00    4.95    0.00    0.00    0.00    0.00    0.00    0.00   95.05
17:22:32       7    0.00    0.00    3.06    0.00    0.00    0.00    0.00    0.00    0.00   96.94
17:22:32       8    0.00    0.00    0.00    0.00    0.00    0.00    0.00    0.00    0.00  100.00
17:22:32       9    0.00    0.00    0.99    0.00    0.00    0.00    0.00    0.00    0.00   99.01
17:22:32      10    0.00    0.00    0.00    0.00    0.00    0.00    0.00    0.00    0.00  100.00
17:22:32      11    0.00    0.00    0.00    0.00    0.00    0.00    0.00    0.00    0.00  100.00
17:22:32      12    0.00    0.00    0.00    0.00    0.00    0.00    0.00    0.00    0.00  100.00
17:22:32      13    0.00    0.00    0.00    0.00    0.00    0.00    0.00    0.00    0.00  100.00
17:22:32      14    0.00    0.00    0.00    0.00    0.00    0.00    0.00    0.00    0.00  100.00
17:22:32      15    0.00    0.00    0.00    0.00    0.00    0.00    0.00    0.00    0.00  100.00
17:22:32      16    3.06    0.00   17.35    0.00    0.00    0.00    0.00    0.00    0.00   79.59
17:22:32      17    0.00    0.00    0.00    0.00    0.00    0.00    0.00    0.00    0.00  100.00
17:22:32      18    0.00    0.00    1.00    0.00    0.00    0.00    0.00    0.00    0.00   99.00
17:22:32      19    0.00    0.00    0.00    0.00    0.00    0.00    0.00    0.00    0.00  100.00
17:22:32      20    0.00    0.00    0.00    0.00    0.00    0.00    0.00    0.00    0.00  100.00
17:22:32      21    0.00    0.00    1.28    0.00    0.00    3.85    0.00    0.00    0.00   94.87
17:22:32      22    0.00    0.00    0.00    0.00    0.00    5.19    0.00    0.00    0.00   94.81
17:22:32      23    0.00    0.00    1.08    0.00    0.00   21.51    0.00    0.00    0.00   77.42
17:22:32      24    0.00    0.00    0.00    0.00    0.00    0.00    0.00    0.00    0.00  100.00
17:22:32      25    0.00    0.00    0.00    0.00    0.00    0.00    0.00    0.00    0.00  100.00
17:22:32      26    0.00    0.00    0.00    0.00    0.00    0.00    0.00    0.00    0.00  100.00
17:22:32      27    0.00    0.00    0.00    0.00    0.00    0.00    0.00    0.00    0.00  100.00
17:22:32      28    0.00    0.00    0.00    0.00    0.00    0.00    0.00    0.00    0.00  100.00
17:22:32      29    0.00    0.00    0.00    0.00    0.00    0.00    0.00    0.00    0.00  100.00
17:22:32      30    0.00    0.00    0.00    0.00    0.00    0.00    0.00    0.00    0.00  100.00
17:22:32      31    0.00    0.00    0.00    0.00    0.00    0.00    0.00    0.00    0.00  100.00

17:22:32     CPU    %usr   %nice    %sys %iowait    %irq   %soft  %steal  %guest  %gnice   %idle
17:22:33     all    0.45    0.00    3.01    0.00    0.00    0.86    0.00    0.00    0.00   95.68
17:22:33       0    2.00    0.00   15.00    0.00    0.00    1.00    0.00    0.00    0.00   82.00
17:22:33       1    1.03    0.00   11.34    0.00    0.00    0.00    0.00    0.00    0.00   87.63
17:22:33       2    1.02    0.00   12.24    0.00    0.00    1.02    0.00    0.00    0.00   85.71
17:22:33       3    3.03    0.00   13.13    0.00    0.00    0.00    0.00    0.00    0.00   83.84
17:22:33       4    2.08    0.00   13.54    0.00    0.00    1.04    0.00    0.00    0.00   83.33
17:22:33       5    1.03    0.00   10.31    0.00    0.00    0.00    0.00    0.00    0.00   88.66
17:22:33       6    1.02    0.00    5.10    0.00    0.00    0.00    0.00    0.00    0.00   93.88
17:22:33       7    0.00    0.00    2.02    0.00    0.00    0.00    0.00    0.00    0.00   97.98
17:22:33       8    0.00    0.00    0.00    0.00    0.00    0.00    0.00    0.00    0.00  100.00
17:22:33       9    0.00    0.00    0.00    0.00    0.00    0.00    0.00    0.00    0.00  100.00
17:22:33      10    0.00    0.00    0.00    0.00    0.00    0.00    0.00    0.00    0.00  100.00
17:22:33      11    0.00    0.00    0.00    0.00    0.00    0.00    0.00    0.00    0.00  100.00
17:22:33      12    0.00    0.00    0.00    0.00    0.00    0.00    0.00    0.00    0.00  100.00
17:22:33      13    0.00    0.00    0.00    0.00    0.00    0.00    0.00    0.00    0.00  100.00
17:22:33      14    0.00    0.00    0.00    0.00    0.00    0.00    0.00    0.00    0.00  100.00
17:22:33      15    0.00    0.00    0.00    0.00    0.00    0.00    0.00    0.00    0.00  100.00
17:22:33      16    2.04    0.00   12.24    0.00    0.00    0.00    0.00    0.00    0.00   85.71
17:22:33      17    0.00    0.00    1.01    0.00    0.00    0.00    0.00    0.00    0.00   98.99
17:22:33      18    0.00    0.00    0.00    0.00    0.00    0.00    0.00    0.00    0.00  100.00
17:22:33      19    0.00    0.00    0.00    0.00    0.00    0.00    0.00    0.00    0.00  100.00
17:22:33      20    0.00    0.00    0.00    0.00    0.00    0.00    0.00    0.00    0.00  100.00
17:22:33      21    0.00    0.00    0.00    0.00    0.00    1.30    0.00    0.00    0.00   98.70
17:22:33      22    0.00    0.00    0.00    0.00    0.00    5.19    0.00    0.00    0.00   94.81
17:22:33      23    1.09    0.00    0.00    0.00    0.00   20.65    0.00    0.00    0.00   78.26
17:22:33      24    0.00    0.00    0.00    0.00    0.00    0.00    0.00    0.00    0.00  100.00
17:22:33      25    0.00    0.00    0.00    0.00    0.00    0.00    0.00    0.00    0.00  100.00
17:22:33      26    0.00    0.00    0.00    0.00    0.00    0.00    0.00    0.00    0.00  100.00
17:22:33      27    0.00    0.00    0.00    0.00    0.00    0.00    0.00    0.00    0.00  100.00
17:22:33      28    0.00    0.00    0.00    0.00    0.00    0.00    0.00    0.00    0.00  100.00
17:22:33      29    0.00    0.00    0.00    0.00    0.00    0.00    0.00    0.00    0.00  100.00
17:22:33      30    0.00    0.00    0.00    0.00    0.00    0.00    0.00    0.00    0.00  100.00
17:22:33      31    0.00    0.00    0.00    0.00    0.00    0.00    0.00    0.00    0.00  100.00

Average:     CPU    %usr   %nice    %sys %iowait    %irq   %soft  %steal  %guest  %gnice   %idle
Average:     all    0.56    0.00    3.38    0.00    0.00    1.09    0.00    0.00    0.00   94.97
Average:       0    1.93    0.00   13.22    0.00    0.00    0.71    0.00    0.00    0.00   84.13
Average:       1    1.43    0.00   10.60    0.00    0.00    0.20    0.00    0.00    0.00   87.77
Average:       2    1.84    0.00   12.26    0.00    0.00    0.51    0.00    0.00    0.00   85.39
Average:       3    1.53    0.00   10.40    0.00    0.00    0.31    0.00    0.00    0.00   87.77
Average:       4    2.25    0.00   14.31    0.00    0.00    0.41    0.00    0.00    0.00   83.03
Average:       5    1.32    0.00    9.54    0.00    0.00    0.20    0.00    0.00    0.00   88.93
Average:       6    0.71    0.00    4.65    0.00    0.00    0.10    0.00    0.00    0.00   94.55
Average:       7    0.30    0.00    2.82    0.00    0.00    0.10    0.00    0.00    0.00   96.78
Average:       8    0.12    0.00    0.12    0.00    0.00    6.66    0.00    0.00    0.00   93.11
Average:       9    0.00    0.00    0.41    0.00    0.00    2.94    0.00    0.00    0.00   96.66
Average:      10    0.00    0.00    0.30    0.00    0.00    0.41    0.00    0.00    0.00   99.29
Average:      11    0.41    0.00    1.01    0.00    0.00    0.00    0.00    0.00    0.00   98.58
Average:      12    0.30    0.00    0.51    0.00    0.00    0.00    0.00    0.00    0.00   99.19
Average:      13    0.00    0.00    0.30    0.00    0.00    0.20    0.00    0.00    0.00   99.49
Average:      14    0.10    0.00    0.10    0.00    0.00    1.22    0.00    0.00    0.00   98.58
Average:      15    0.00    0.00    0.00    0.00    0.00    0.71    0.00    0.00    0.00   99.29
Average:      16    2.02    0.00   12.93    0.00    0.00    0.40    0.00    0.00    0.00   84.65
Average:      17    0.30    0.00    1.40    0.00    0.00    0.00    0.00    0.00    0.00   98.29
Average:      18    0.00    0.00    0.60    0.00    0.00    0.10    0.00    0.00    0.00   99.30
Average:      19    0.00    0.00    0.20    0.00    0.00    0.00    0.00    0.00    0.00   99.80
Average:      20    0.10    0.00    1.10    0.00    0.00    0.00    0.00    0.00    0.00   98.80
Average:      21    0.12    0.00    0.75    0.00    0.00    5.60    0.00    0.00    0.00   93.52
Average:      22    0.51    0.00    1.64    0.00    0.00    6.70    0.00    0.00    0.00   91.15
Average:      23    0.48    0.00    1.55    0.00    0.00   11.68    0.00    0.00    0.00   86.29
Average:      24    0.31    0.00    0.61    0.00    0.00    0.00    0.00    0.00    0.00   99.08
Average:      25    0.31    0.00    0.82    0.00    0.00    0.00    0.00    0.00    0.00   98.88
Average:      26    0.20    0.00    1.22    0.00    0.00    0.00    0.00    0.00    0.00   98.58
Average:      27    0.30    0.00    0.81    0.00    0.00    0.00    0.00    0.00    0.00   98.88
Average:      28    0.30    0.00    0.91    0.00    0.00    0.00    0.00    0.00    0.00   98.78
Average:      29    0.41    0.00    0.91    0.00    0.00    0.00    0.00    0.00    0.00   98.68
Average:      30    0.10    0.00    0.60    0.00    0.00    0.00    0.00    0.00    0.00   99.30
Average:      31    0.10    0.00    0.40    0.00    0.00    0.00    0.00    0.00    0.00   99.50
