27e304bb 000fe8a2 00017bcd 00000000 00000000 00000000 00000000 00000000 00000000 0000bfac 00000000 00000000 00000000 00000000 00000000
10459eda 00000000 00000000 00000000 00000000 00000000 00000000 00000000 00000000 00000000 00000000 00000000 00000001 00000000 00000000
0000f8b1 00000000 00000000 00000000 00000000 00000000 00000000 00000000 00000000 00000000 00000000 00000000 00000002 00000000 00000000
00004d28 00000000 00000000 00000000 00000000 00000000 00000000 00000000 00000000 00000000 00000000 00000000 00000003 00000000 00000000
0005aca0 00000000 00000000 00000000 00000000 00000000 00000000 00000000 00000000 00000000 00000000 00000000 00000004 00000000 00000000
00007baa 00000000 00000000 00000000 00000000 00000000 00000000 00000000 00000000 00000000 00000000 00000000 00000005 00000000 00000000
000011e0 00000000 00000000 00000000 00000000 00000000 00000000 00000000 00000000 00000000 00000000 00000000 00000006 00000000 00000000
00000b75 00000000 00000000 00000000 00000000 00000000 00000000 00000000 00000000 00000000 00000000 00000000 00000007 00000000 00000000
09e6b5fe 00000000 00011f77 00000000 00000000 00000000 00000000 00000000 00000000 00000000 00000000 00000000 00000008 00000000 00000000
0001df50 00000000 00000000 00000000 00000000 00000000 00000000 00000000 00000000 00001a79 00000000 00000000 00000009 00000000 00000000
000208fc 00000000 00000000 00000000 00000000 00000000 00000000 00000000 00000000 00002f7d 00000000 00000000 0000000a 00000000 00000000
0004c089 00000000 00000000 00000000 00000000 00000000 00000000 00000000 00000000 0000838e 00000000 00000000 0000000b 00000000 00000000
000dbf06 00000000 00000000 00000000 00000000 00000000 00000000 00000000 00000000 000126a3 00000000 00000000 0000000c 00000000 00000000
00066afe 00000000 00000000 00000000 00000000 00000000 00000000 00000000 00000000 0000b76a 00000000 00000000 0000000d 00000000 00000000
00128cec 00000000 00000000 00000000 00000000 00000000 00000000 00000000 00000000 00014fbf 00000000 00000000 0000000e 00000000 00000000
0013c6d7 00000000 00000000 00000000 00000000 00000000 00000000 00000000 00000000 000154e9 00000000 00000000 0000000f 00000000 00000000
00cd4bd3 00000000 00002506 00000000 00000000 00000000 00000000 00000000 00000000 00000000 00000000 00000000 00000010 00000000 00000000
0000112e 00000000 00000000 00000000 00000000 00000000 00000000 00000000 00000000 00000000 00000000 00000000 00000011 00000000 00000000
21044e73 00000000 00000000 00000000 00000000 00000000 00000000 00000000 00000000 00000000 00000000 00000000 00000012 00000000 00000000
00000793 00000000 00000000 00000000 00000000 00000000 00000000 00000000 00000000 00000000 00000000 00000000 00000013 00000000 00000000
00001d1a 00000000 00000000 00000000 00000000 00000000 00000000 00000000 00000000 00000000 00000000 00000000 00000014 00000000 00000000
0000094b 00000000 00000000 00000000 00000000 00000000 00000000 00000000 00000000 00000000 00000000 00000000 00000015 00000000 00000000
03c45919 00000000 00000000 00000000 00000000 00000000 00000000 00000000 00000000 00000000 00000000 00000000 00000016 00000000 00000000
037265ac 00000000 00000000 00000000 00000000 00000000 00000000 00000000 00000000 00000000 00000000 00000000 00000017 00000000 00000000
030a13cf 00000000 00000000 00000000 00000000 00000000 00000000 00000000 00000000 00000000 00000000 00000000 00000018 00000000 00000000
303923f6 00000000 00000000 00000000 00000000 00000000 00000000 00000000 00000000 00000000 00000000 00000000 00000019 00000000 00000000
00001039 00000000 00000000 00000000 00000000 00000000 00000000 00000000 00000000 00000000 00000000 00000000 0000001a 00000000 00000000
00002175 00000000 00000000 00000000 00000000 00000000 00000000 00000000 00000000 00000000 00000000 00000000 0000001b 00000000 00000000
000009f7 00000000 00000000 00000000 00000000 00000000 00000000 00000000 00000000 00000000 00000000 00000000 0000001c 00000000 00000000
000006a9 00000000 00000000 00000000 00000000 00000000 00000000 00000000 00000000 00000000 00000000 00000000 0000001d 00000000 00000000
00024ecd 00000000 00000000 00000000 00000000 00000000 00000000 00000000 00000000 00000000 00000000 00000000 0000001e 00000000 00000000
000081d3 00000000 00000000 00000000 00000000 00000000 00000000 00000000 00000000 00000000 00000000 00000000 0000001f 00000000 00000000
