27e304bb 000fe8a2 00017bcd 00000000 00000000 00000000 00000000 00000000 00000000 0000bfac 00000000 00000000 00000000 00000000 00000000
10459eda 00000000 00000000 00000000 00000000 00000000 00000000 00000000 00000000 00000000 00000000 00000000 00000001 00000000 00000000
0000f8b1 00000000 00000000 00000000 00000000 00000000 00000000 00000000 00000000 00000000 00000000 00000000 00000002 00000000 00000000
00004d28 00000000 00000000 00000000 00000000 00000000 00000000 00000000 00000000 00000000 00000000 00000000 00000003 00000000 00000000
0005aca0 00000000 00000000 00000000 00000000 00000000 00000000 00000000 00000000 00000000 00000000 00000000 00000004 00000000 00000000
00007baa 00000000 00000000 00000000 00000000 00000000 00000000 00000000 00000000 00000000 00000000 00000000 00000005 00000000 00000000
000011e0 00000000 00000000 00000000 00000000 00000000 00000000 00000000 00000000 00000000 00000000 00000000 00000006 00000000 00000000
00000b75 00000000 00000000 00000000 00000000 00000000 00000000 00000000 00000000 00000000 00000000 00000000 00000007 00000000 00000000
09e6b5fe 00000000 00011f75 00000000 00000000 00000000 00000000 00000000 00000000 00000000 00000000 00000000 00000008 00000000 00000000
00013668 00000000 00000000 00000000 00000000 00000000 00000000 00000000 00000000 00000000 00000000 00000000 00000009 00000000 00000000
00010d6c 00000000 00000000 00000000 00000000 00000000 00000000 00000000 00000000 000008dd 00000000 00000000 0000000a 00000000 00000000
0004c083 00000000 00000000 00000000 00000000 00000000 00000000 00000000 00000000 0000838e 00000000 00000000 0000000b 00000000 00000000
000dbf06 00000000 00000000 00000000 00000000 00000000 00000000 00000000 00000000 000126a3 00000000 00000000 0000000c 00000000 00000000
00041e4f 00000000 00000000 00000000 00000000 00000000 00000000 00000000 00000000 00008cb5 00000000 00000000 0000000d 00000000 00000000
00113b8f 00000000 00000000 00000000 00000000 00000000 00000000 00000000 00000000 00012b6d 00000000 00000000 0000000e 00000000 00000000
001126f5 00000000 00000000 00000000 00000000 00000000 00000000 00000000 00000000 000129de 00000000 00000000 0000000f 00000000 00000000
00cd4bd3 00000000 00002506 00000000 00000000 00000000 00000000 00000000 00000000 00000000 00000000 00000000 00000010 00000000 00000000
0000112e 00000000 00000000 00000000 00000000 00000000 00000000 00000000 00000000 00000000 00000000 00000000 00000011 00000000 00000000
21044e73 00000000 00000000 00000000 00000000 00000000 00000000 00000000 00000000 00000000 00000000 00000000 00000012 00000000 00000000
00000793 00000000 00000000 00000000 00000000 00000000 00000000 00000000 00000000 00000000 00000000 00000000 00000013 00000000 00000000
00001d1a 00000000 00000000 00000000 00000000 00000000 00000000 00000000 00000000 00000000 00000000 00000000 00000014 00000000 00000000
0000093a 00000000 00000000 00000000 00000000 00000000 00000000 00000000 00000000 00000000 00000000 00000000 00000015 00000000 00000000
03c45919 00000000 00000000 00000000 00000000 00000000 00000000 00000000 00000000 00000000 00000000 00000000 00000016 00000000 00000000
037265ac 00000000 00000000 00000000 00000000 00000000 00000000 00000000 00000000 00000000 00000000 00000000 00000017 00000000 00000000
030a13c5 00000000 00000000 00000000 00000000 00000000 00000000 00000000 00000000 00000000 00000000 00000000 00000018 00000000 00000000
303923f6 00000000 00000000 00000000 00000000 00000000 00000000 00000000 00000000 00000000 00000000 00000000 00000019 00000000 00000000
00001039 00000000 00000000 00000000 00000000 00000000 00000000 00000000 00000000 00000000 00000000 00000000 0000001a 00000000 00000000
00002175 00000000 00000000 00000000 00000000 00000000 00000000 00000000 00000000 00000000 00000000 00000000 0000001b 00000000 00000000
000009f7 00000000 00000000 00000000 00000000 00000000 00000000 00000000 00000000 00000000 00000000 00000000 0000001c 00000000 00000000
000006a9 00000000 00000000 00000000 00000000 00000000 00000000 00000000 00000000 00000000 00000000 00000000 0000001d 00000000 00000000
00024eb0 00000000 00000000 00000000 00000000 00000000 00000000 00000000 00000000 00000000 00000000 00000000 0000001e 00000000 00000000
000081bf 00000000 00000000 00000000 00000000 00000000 00000000 00000000 00000000 00000000 00000000 00000000 0000001f 00000000 00000000
