27e304bc 000fe8a2 00017bcd 00000000 00000000 00000000 00000000 00000000 00000000 0000bfac 00000000 00000000 00000000 00000000 00000000
10459f21 00000000 00000000 00000000 00000000 00000000 00000000 00000000 00000000 00000000 00000000 00000000 00000001 00000000 00000000
0000f8be 00000000 00000000 00000000 00000000 00000000 00000000 00000000 00000000 00000000 00000000 00000000 00000002 00000000 00000000
00004d28 00000000 00000000 00000000 00000000 00000000 00000000 00000000 00000000 00000000 00000000 00000000 00000003 00000000 00000000
0005acc3 00000000 00000000 00000000 00000000 00000000 00000000 00000000 00000000 00000000 00000000 00000000 00000004 00000000 00000000
00007bc7 00000000 00000000 00000000 00000000 00000000 00000000 00000000 00000000 00000000 00000000 00000000 00000005 00000000 00000000
000011e0 00000000 00000000 00000000 00000000 00000000 00000000 00000000 00000000 00000000 00000000 00000000 00000006 00000000 00000000
00000b75 00000000 00000000 00000000 00000000 00000000 00000000 00000000 00000000 00000000 00000000 00000000 00000007 00000000 00000000
09e6b603 00000000 00011f7f 00000000 00000000 00000000 00000000 00000000 00000000 00000000 00000000 00000000 00000008 00000000 00000000
003538b2 00000000 00000000 00000000 00000000 00000000 00000000 00000000 00000000 000492db 00000000 00000000 00000009 00000000 00000000
00252cd0 00000000 00000000 00000000 00000000 00000000 00000000 00000000 00000000 000388f3 00000000 00000000 0000000a 00000000 00000000
0029a0f6 00000000 00000000 00000000 00000000 00000000 00000000 00000000 00000000 0002d830 00000000 00000000 0000000b 00000000 00000000
001d701c 00000000 00000000 00000000 00000000 00000000 00000000 00000000 00000000 00024011 00000000 00000000 0000000c 00000000 00000000
0026114d 00000000 00000000 00000000 00000000 00000000 00000000 00000000 00000000 00043013 00000000 00000000 0000000d 00000000 00000000
004bd989 00000000 00000000 00000000 00000000 00000000 00000000 00000000 00000000 000685f8 00000000 00000000 0000000e 00000000 00000000
003d765f 00000000 00000000 00000000 00000000 00000000 00000000 00000000 00000000 0005b169 00000000 00000000 0000000f 00000000 00000000
00cd4bd3 00000000 00002506 00000000 00000000 00000000 00000000 00000000 00000000 00000000 00000000 00000000 00000010 00000000 00000000
0000112e 00000000 00000000 00000000 00000000 00000000 00000000 00000000 00000000 00000000 00000000 00000000 00000011 00000000 00000000
21044e73 00000000 00000000 00000000 00000000 00000000 00000000 00000000 00000000 00000000 00000000 00000000 00000012 00000000 00000000
00000793 00000000 00000000 00000000 00000000 00000000 00000000 00000000 00000000 00000000 00000000 00000000 00000013 00000000 00000000
00001d1a 00000000 00000000 00000000 00000000 00000000 00000000 00000000 00000000 00000000 00000000 00000000 00000014 00000000 00000000
00000981 00000000 00000000 00000000 00000000 00000000 00000000 00000000 00000000 00000000 00000000 00000000 00000015 00000000 00000000
03c4592b 00000000 00000000 00000000 00000000 00000000 00000000 00000000 00000000 00000000 00000000 00000000 00000016 00000000 00000000
037265cd 00000000 00000000 00000000 00000000 00000000 00000000 00000000 00000000 00000000 00000000 00000000 00000017 00000000 00000000
030a1459 00000000 00000000 00000000 00000000 00000000 00000000 00000000 00000000 00000000 00000000 00000000 00000018 00000000 00000000
303923f6 00000000 00000000 00000000 00000000 00000000 00000000 00000000 00000000 00000000 00000000 00000000 00000019 00000000 00000000
00001039 00000000 00000000 00000000 00000000 00000000 00000000 00000000 00000000 00000000 00000000 00000000 0000001a 00000000 00000000
00002175 00000000 00000000 00000000 00000000 00000000 00000000 00000000 00000000 00000000 00000000 00000000 0000001b 00000000 00000000
000009f7 00000000 00000000 00000000 00000000 00000000 00000000 00000000 00000000 00000000 00000000 00000000 0000001c 00000000 00000000
000006a9 00000000 00000000 00000000 00000000 00000000 00000000 00000000 00000000 00000000 00000000 00000000 0000001d 00000000 00000000
00024ffc 00000000 00000000 00000000 00000000 00000000 00000000 00000000 00000000 00000000 00000000 00000000 0000001e 00000000 00000000
00008283 00000000 00000000 00000000 00000000 00000000 00000000 00000000 00000000 00000000 00000000 00000000 0000001f 00000000 00000000
