Linux 7.0.0-22-generic (ms-a2-gateway) 	06/08/2026 	_x86_64_	(32 CPU)

11:07:44 PM  CPU    %usr   %nice    %sys %iowait    %irq   %soft  %steal  %guest  %gnice   %idle
11:07:45 PM  all    0.03    0.00   11.69    0.03    0.00    3.11    0.00    0.00    0.00   85.13
11:07:45 PM    0    0.00    0.00   91.92    0.00    0.00    0.00    0.00    0.00    0.00    8.08
11:07:45 PM    1    0.00    0.00   90.00    0.00    0.00    0.00    0.00    0.00    0.00   10.00
11:07:45 PM    2    0.00    0.00   92.00    0.00    0.00    0.00    0.00    0.00    0.00    8.00
11:07:45 PM    3    0.00    0.00   98.00    0.00    0.00    0.00    0.00    0.00    0.00    2.00
11:07:45 PM    4    0.00    0.00    0.00    0.00    0.00    0.00    0.00    0.00    0.00  100.00
11:07:45 PM    5    0.00    0.00    0.00    0.00    0.00    0.00    0.00    0.00    0.00  100.00
11:07:45 PM    6    0.00    0.00    0.00    0.00    0.00    0.00    0.00    0.00    0.00  100.00
11:07:45 PM    7    0.00    0.00    0.00    0.00    0.00    0.00    0.00    0.00    0.00  100.00
11:07:45 PM    8    0.00    0.00    0.00    0.00    0.00    0.00    0.00    0.00    0.00  100.00
11:07:45 PM    9    0.00    0.00    0.00    0.00    0.00    0.00    0.00    0.00    0.00  100.00
11:07:45 PM   10    0.00    0.00    0.00    0.00    0.00    0.00    0.00    0.00    0.00  100.00
11:07:45 PM   11    0.00    0.00    0.00    0.00    0.00    0.00    0.00    0.00    0.00  100.00
11:07:45 PM   12    0.00    0.00    0.00    0.00    0.00    0.00    0.00    0.00    0.00  100.00
11:07:45 PM   13    0.00    0.00    0.00    0.00    0.00    0.00    0.00    0.00    0.00  100.00
11:07:45 PM   14    0.00    0.00    0.00    0.00    0.00    0.00    0.00    0.00    0.00  100.00
11:07:45 PM   15    0.00    0.00    0.00    0.00    0.00    0.00    0.00    0.00    0.00  100.00
11:07:45 PM   16    0.00    0.00    1.05    0.00    0.00   82.11    0.00    0.00    0.00   16.84
11:07:45 PM   17    0.00    0.00    0.00    0.00    0.00    0.00    0.00    0.00    0.00  100.00
11:07:45 PM   18    0.00    0.00    0.00    0.00    0.00    0.00    0.00    0.00    0.00  100.00
11:07:45 PM   19    0.00    0.00    0.00    0.00    0.00    0.00    0.00    0.00    0.00  100.00
11:07:45 PM   20    0.00    0.00    0.00    1.00    0.00    0.00    0.00    0.00    0.00   99.00
11:07:45 PM   21    0.00    0.00    0.00    0.00    0.00    5.10    0.00    0.00    0.00   94.90
11:07:45 PM   22    0.00    0.00    0.00    0.00    0.00    5.21    0.00    0.00    0.00   94.79
11:07:45 PM   23    0.00    0.00    0.00    0.00    0.00    4.08    0.00    0.00    0.00   95.92
11:07:45 PM   24    0.00    0.00    0.00    0.00    0.00    7.29    0.00    0.00    0.00   92.71
11:07:45 PM   25    0.00    0.00    0.00    0.00    0.00    0.00    0.00    0.00    0.00  100.00
11:07:45 PM   26    0.00    0.00    0.00    0.00    0.00    0.00    0.00    0.00    0.00  100.00
11:07:45 PM   27    0.99    0.00    0.00    0.00    0.00    0.00    0.00    0.00    0.00   99.01
11:07:45 PM   28    0.00    0.00    0.00    0.00    0.00    0.00    0.00    0.00    0.00  100.00
11:07:45 PM   29    0.00    0.00    0.00    0.00    0.00    0.00    0.00    0.00    0.00  100.00
11:07:45 PM   30    0.00    0.00    0.00    0.00    0.00    0.00    0.00    0.00    0.00  100.00
11:07:45 PM   31    0.00    0.00    0.00    0.00    0.00    0.00    0.00    0.00    0.00  100.00

11:07:45 PM  CPU    %usr   %nice    %sys %iowait    %irq   %soft  %steal  %guest  %gnice   %idle
11:07:46 PM  all    0.00    0.00   12.55    0.00    0.00    3.30    0.00    0.00    0.00   84.15
11:07:46 PM    0    0.00    0.00  100.00    0.00    0.00    0.00    0.00    0.00    0.00    0.00
11:07:46 PM    1    0.00    0.00  100.00    0.00    0.00    0.00    0.00    0.00    0.00    0.00
11:07:46 PM    2    0.00    0.00  100.00    0.00    0.00    0.00    0.00    0.00    0.00    0.00
11:07:46 PM    3    0.00    0.00  100.00    0.00    0.00    0.00    0.00    0.00    0.00    0.00
11:07:46 PM    4    0.00    0.00    0.00    0.00    0.00    0.00    0.00    0.00    0.00  100.00
11:07:46 PM    5    0.00    0.00    0.00    0.00    0.00    0.00    0.00    0.00    0.00  100.00
11:07:46 PM    6    0.00    0.00    0.00    0.00    0.00    0.00    0.00    0.00    0.00  100.00
11:07:46 PM    7    0.00    0.00    0.00    0.00    0.00    0.00    0.00    0.00    0.00  100.00
11:07:46 PM    8    0.00    0.00    0.00    0.00    0.00    0.00    0.00    0.00    0.00  100.00
11:07:46 PM    9    0.00    0.00    0.00    0.00    0.00    0.00    0.00    0.00    0.00  100.00
11:07:46 PM   10    0.00    0.00    0.00    0.00    0.00    0.00    0.00    0.00    0.00  100.00
11:07:46 PM   11    0.00    0.00    0.00    0.00    0.00    0.00    0.00    0.00    0.00  100.00
11:07:46 PM   12    0.00    0.00    0.00    0.00    0.00    0.00    0.00    0.00    0.00  100.00
11:07:46 PM   13    0.00    0.00    0.00    0.00    0.00    0.00    0.00    0.00    0.00  100.00
11:07:46 PM   14    0.00    0.00    0.00    0.00    0.00    0.00    0.00    0.00    0.00  100.00
11:07:46 PM   15    0.00    0.00    0.00    0.00    0.00    0.00    0.00    0.00    0.00  100.00
11:07:46 PM   16    0.00    0.00    0.00    0.00    0.00   87.64    0.00    0.00    0.00   12.36
11:07:46 PM   17    0.00    0.00    0.00    0.00    0.00    0.00    0.00    0.00    0.00  100.00
11:07:46 PM   18    0.00    0.00    0.00    0.00    0.00    0.00    0.00    0.00    0.00  100.00
11:07:46 PM   19    0.00    0.00    0.00    0.00    0.00    0.00    0.00    0.00    0.00  100.00
11:07:46 PM   20    0.00    0.00    0.00    0.00    0.00    0.00    0.00    0.00    0.00  100.00
11:07:46 PM   21    0.00    0.00    0.00    0.00    0.00    6.00    0.00    0.00    0.00   94.00
11:07:46 PM   22    0.00    0.00    0.00    0.00    0.00    6.93    0.00    0.00    0.00   93.07
11:07:46 PM   23    0.00    0.00    0.00    0.00    0.00    5.05    0.00    0.00    0.00   94.95
11:07:46 PM   24    0.00    0.00    0.00    0.00    0.00    9.18    0.00    0.00    0.00   90.82
11:07:46 PM   25    0.00    0.00    0.00    0.00    0.00    0.00    0.00    0.00    0.00  100.00
11:07:46 PM   26    0.00    0.00    0.00    0.00    0.00    0.00    0.00    0.00    0.00  100.00
11:07:46 PM   27    0.00    0.00    0.00    0.00    0.00    0.00    0.00    0.00    0.00  100.00
11:07:46 PM   28    0.00    0.00    0.00    0.00    0.00    0.00    0.00    0.00    0.00  100.00
11:07:46 PM   29    0.00    0.00    0.00    0.00    0.00    0.00    0.00    0.00    0.00  100.00
11:07:46 PM   30    0.00    0.00    0.00    0.00    0.00    0.00    0.00    0.00    0.00  100.00
11:07:46 PM   31    0.00    0.00    0.00    0.00    0.00    0.00    0.00    0.00    0.00  100.00

11:07:46 PM  CPU    %usr   %nice    %sys %iowait    %irq   %soft  %steal  %guest  %gnice   %idle
11:07:47 PM  all    0.00    0.00   12.54    0.00    0.00    3.39    0.00    0.00    0.00   84.08
11:07:47 PM    0    0.00    0.00  100.00    0.00    0.00    0.00    0.00    0.00    0.00    0.00
11:07:47 PM    1    0.00    0.00  100.00    0.00    0.00    0.00    0.00    0.00    0.00    0.00
11:07:47 PM    2    0.00    0.00  100.00    0.00    0.00    0.00    0.00    0.00    0.00    0.00
11:07:47 PM    3    0.00    0.00  100.00    0.00    0.00    0.00    0.00    0.00    0.00    0.00
11:07:47 PM    4    0.00    0.00    0.00    0.00    0.00    0.00    0.00    0.00    0.00  100.00
11:07:47 PM    5    0.00    0.00    0.00    0.00    0.00    0.00    0.00    0.00    0.00  100.00
11:07:47 PM    6    0.00    0.00    0.00    0.00    0.00    0.00    0.00    0.00    0.00  100.00
11:07:47 PM    7    0.00    0.00    0.00    0.00    0.00    0.00    0.00    0.00    0.00  100.00
11:07:47 PM    8    0.00    0.00    0.00    0.00    0.00    0.00    0.00    0.00    0.00  100.00
11:07:47 PM    9    0.00    0.00    0.00    0.00    0.00    0.00    0.00    0.00    0.00  100.00
11:07:47 PM   10    0.00    0.00    0.00    0.00    0.00    0.00    0.00    0.00    0.00  100.00
11:07:47 PM   11    0.00    0.00    0.00    0.00    0.00    0.00    0.00    0.00    0.00  100.00
11:07:47 PM   12    0.00    0.00    0.00    0.00    0.00    0.00    0.00    0.00    0.00  100.00
11:07:47 PM   13    0.00    0.00    0.00    0.00    0.00    0.00    0.00    0.00    0.00  100.00
11:07:47 PM   14    0.00    0.00    0.00    0.00    0.00    0.00    0.00    0.00    0.00  100.00
11:07:47 PM   15    0.00    0.00    0.00    0.00    0.00    0.00    0.00    0.00    0.00  100.00
11:07:47 PM   16    0.00    0.00    0.00    0.00    0.00   88.30    0.00    0.00    0.00   11.70
11:07:47 PM   17    0.00    0.00    0.00    0.00    0.00    0.00    0.00    0.00    0.00  100.00
11:07:47 PM   18    0.00    0.00    0.00    0.00    0.00    0.00    0.00    0.00    0.00  100.00
11:07:47 PM   19    0.00    0.00    0.00    0.00    0.00    0.00    0.00    0.00    0.00  100.00
11:07:47 PM   20    0.00    0.00    0.00    0.00    0.00    0.00    0.00    0.00    0.00  100.00
11:07:47 PM   21    0.00    0.00    0.00    0.00    0.00    5.05    0.00    0.00    0.00   94.95
11:07:47 PM   22    0.00    0.00    0.00    0.00    0.00    6.00    0.00    0.00    0.00   94.00
11:07:47 PM   23    0.00    0.00    0.00    0.00    0.00    5.05    0.00    0.00    0.00   94.95
11:07:47 PM   24    0.00    0.00    0.00    0.00    0.00    9.09    0.00    0.00    0.00   90.91
11:07:47 PM   25    0.00    0.00    0.00    0.00    0.00    0.00    0.00    0.00    0.00  100.00
11:07:47 PM   26    0.00    0.00    0.00    0.00    0.00    0.00    0.00    0.00    0.00  100.00
11:07:47 PM   27    0.00    0.00    0.00    0.00    0.00    0.00    0.00    0.00    0.00  100.00
11:07:47 PM   28    0.00    0.00    0.00    0.00    0.00    0.00    0.00    0.00    0.00  100.00
11:07:47 PM   29    0.00    0.00    0.00    0.00    0.00    0.00    0.00    0.00    0.00  100.00
11:07:47 PM   30    0.00    0.00    0.00    0.00    0.00    0.00    0.00    0.00    0.00  100.00
11:07:47 PM   31    0.00    0.00    0.00    0.00    0.00    0.00    0.00    0.00    0.00  100.00

11:07:47 PM  CPU    %usr   %nice    %sys %iowait    %irq   %soft  %steal  %guest  %gnice   %idle
11:07:48 PM  all    0.00    0.00   12.56    0.00    0.00    3.30    0.00    0.00    0.00   84.14
11:07:48 PM    0    0.00    0.00  100.00    0.00    0.00    0.00    0.00    0.00    0.00    0.00
11:07:48 PM    1    0.00    0.00  100.00    0.00    0.00    0.00    0.00    0.00    0.00    0.00
11:07:48 PM    2    0.00    0.00  100.00    0.00    0.00    0.00    0.00    0.00    0.00    0.00
11:07:48 PM    3    0.00    0.00  100.00    0.00    0.00    0.00    0.00    0.00    0.00    0.00
11:07:48 PM    4    0.00    0.00    0.00    0.00    0.00    0.00    0.00    0.00    0.00  100.00
11:07:48 PM    5    0.00    0.00    0.00    0.00    0.00    0.00    0.00    0.00    0.00  100.00
11:07:48 PM    6    0.00    0.00    0.00    0.00    0.00    0.00    0.00    0.00    0.00  100.00
11:07:48 PM    7    0.00    0.00    0.00    0.00    0.00    0.00    0.00    0.00    0.00  100.00
11:07:48 PM    8    0.00    0.00    0.00    0.00    0.00    0.00    0.00    0.00    0.00  100.00
11:07:48 PM    9    0.00    0.00    0.00    0.00    0.00    0.00    0.00    0.00    0.00  100.00
11:07:48 PM   10    0.00    0.00    0.00    0.00    0.00    0.00    0.00    0.00    0.00  100.00
11:07:48 PM   11    0.00    0.00    0.00    0.00    0.00    0.00    0.00    0.00    0.00  100.00
11:07:48 PM   12    0.00    0.00    0.00    0.00    0.00    0.00    0.00    0.00    0.00  100.00
11:07:48 PM   13    0.00    0.00    0.00    0.00    0.00    0.00    0.00    0.00    0.00  100.00
11:07:48 PM   14    0.00    0.00    0.00    0.00    0.00    0.00    0.00    0.00    0.00  100.00
11:07:48 PM   15    0.00    0.00    0.00    0.00    0.00    0.00    0.00    0.00    0.00  100.00
11:07:48 PM   16    0.00    0.00    0.00    0.00    0.00   88.04    0.00    0.00    0.00   11.96
11:07:48 PM   17    0.00    0.00    0.00    0.00    0.00    0.00    0.00    0.00    0.00  100.00
11:07:48 PM   18    0.00    0.00    0.00    0.00    0.00    0.00    0.00    0.00    0.00  100.00
11:07:48 PM   19    0.00    0.00    0.00    0.00    0.00    0.00    0.00    0.00    0.00  100.00
11:07:48 PM   20    0.00    0.00    0.00    0.00    0.00    0.00    0.00    0.00    0.00  100.00
11:07:48 PM   21    0.00    0.00    0.00    0.00    0.00    5.00    0.00    0.00    0.00   95.00
11:07:48 PM   22    0.00    0.00    0.00    0.00    0.00    5.10    0.00    0.00    0.00   94.90
11:07:48 PM   23    0.00    0.00    0.00    0.00    0.00    5.05    0.00    0.00    0.00   94.95
11:07:48 PM   24    0.00    0.00    0.00    0.00    0.00    9.18    0.00    0.00    0.00   90.82
11:07:48 PM   25    0.00    0.00    0.00    0.00    0.00    0.00    0.00    0.00    0.00  100.00
11:07:48 PM   26    0.00    0.00    0.00    0.00    0.00    0.00    0.00    0.00    0.00  100.00
11:07:48 PM   27    0.00    0.00    0.00    0.00    0.00    0.00    0.00    0.00    0.00  100.00
11:07:48 PM   28    0.00    0.00    0.00    0.00    0.00    0.00    0.00    0.00    0.00  100.00
11:07:48 PM   29    0.00    0.00    0.00    0.00    0.00    0.00    0.00    0.00    0.00  100.00
11:07:48 PM   30    0.00    0.00    0.00    0.00    0.00    0.00    0.00    0.00    0.00  100.00
11:07:48 PM   31    0.00    0.00    0.00    0.00    0.00    0.00    0.00    0.00    0.00  100.00

11:07:48 PM  CPU    %usr   %nice    %sys %iowait    %irq   %soft  %steal  %guest  %gnice   %idle
11:07:49 PM  all    0.00    0.00   12.57    0.00    0.00    3.20    0.00    0.00    0.00   84.23
11:07:49 PM    0    0.00    0.00  100.00    0.00    0.00    0.00    0.00    0.00    0.00    0.00
11:07:49 PM    1    0.00    0.00  100.00    0.00    0.00    0.00    0.00    0.00    0.00    0.00
11:07:49 PM    2    0.00    0.00  100.00    0.00    0.00    0.00    0.00    0.00    0.00    0.00
11:07:49 PM    3    0.00    0.00  100.00    0.00    0.00    0.00    0.00    0.00    0.00    0.00
11:07:49 PM    4    0.00    0.00    0.00    0.00    0.00    2.91    0.00    0.00    0.00   97.09
11:07:49 PM    5    0.00    0.00    0.00    0.00    0.00    0.00    0.00    0.00    0.00  100.00
11:07:49 PM    6    0.00    0.00    0.00    0.00    0.00    0.00    0.00    0.00    0.00  100.00
11:07:49 PM    7    0.00    0.00    0.00    0.00    0.00    0.00    0.00    0.00    0.00  100.00
11:07:49 PM    8    0.00    0.00    0.00    0.00    0.00    0.00    0.00    0.00    0.00  100.00
11:07:49 PM    9    0.00    0.00    0.00    0.00    0.00    0.00    0.00    0.00    0.00  100.00
11:07:49 PM   10    0.00    0.00    0.00    0.00    0.00    0.00    0.00    0.00    0.00  100.00
11:07:49 PM   11    0.00    0.00    0.00    0.00    0.00    0.00    0.00    0.00    0.00  100.00
11:07:49 PM   12    0.00    0.00    0.00    0.00    0.00    0.00    0.00    0.00    0.00  100.00
11:07:49 PM   13    0.00    0.00    0.00    0.00    0.00    0.00    0.00    0.00    0.00  100.00
11:07:49 PM   14    0.00    0.00    0.00    0.00    0.00    0.00    0.00    0.00    0.00  100.00
11:07:49 PM   15    0.00    0.00    0.00    0.00    0.00    0.00    0.00    0.00    0.00  100.00
11:07:49 PM   16    0.00    0.00    0.00    0.00    0.00   87.21    0.00    0.00    0.00   12.79
11:07:49 PM   17    0.00    0.00    0.00    0.00    0.00    0.00    0.00    0.00    0.00  100.00
11:07:49 PM   18    0.00    0.00    0.00    0.00    0.00    0.00    0.00    0.00    0.00  100.00
11:07:49 PM   19    0.00    0.00    0.00    0.00    0.00    0.00    0.00    0.00    0.00  100.00
11:07:49 PM   20    0.00    0.00    0.00    0.00    0.00    0.00    0.00    0.00    0.00  100.00
11:07:49 PM   21    0.00    0.00    0.00    0.00    0.00    4.08    0.00    0.00    0.00   95.92
11:07:49 PM   22    0.00    0.00    0.00    0.00    0.00    5.05    0.00    0.00    0.00   94.95
11:07:49 PM   23    0.00    0.00    0.00    0.00    0.00    5.05    0.00    0.00    0.00   94.95
11:07:49 PM   24    0.00    0.00    0.00    0.00    0.00   10.10    0.00    0.00    0.00   89.90
11:07:49 PM   25    0.00    0.00    0.00    0.00    0.00    0.00    0.00    0.00    0.00  100.00
11:07:49 PM   26    0.00    0.00    0.00    0.00    0.00    0.00    0.00    0.00    0.00  100.00
11:07:49 PM   27    0.00    0.00    0.00    0.00    0.00    0.00    0.00    0.00    0.00  100.00
11:07:49 PM   28    0.00    0.00    0.00    0.00    0.00    0.00    0.00    0.00    0.00  100.00
11:07:49 PM   29    0.00    0.00    0.00    0.00    0.00    0.00    0.00    0.00    0.00  100.00
11:07:49 PM   30    0.00    0.00    0.00    0.00    0.00    0.00    0.00    0.00    0.00  100.00
11:07:49 PM   31    0.00    0.00    0.00    0.00    0.00    0.00    0.00    0.00    0.00  100.00

11:07:49 PM  CPU    %usr   %nice    %sys %iowait    %irq   %soft  %steal  %guest  %gnice   %idle
11:07:50 PM  all    0.00    0.00   12.60    0.00    0.00    3.45    0.00    0.00    0.00   83.95
11:07:50 PM    0    0.00    0.00  100.00    0.00    0.00    0.00    0.00    0.00    0.00    0.00
11:07:50 PM    1    0.00    0.00  100.00    0.00    0.00    0.00    0.00    0.00    0.00    0.00
11:07:50 PM    2    0.00    0.00  100.00    0.00    0.00    0.00    0.00    0.00    0.00    0.00
11:07:50 PM    3    0.00    0.00  100.00    0.00    0.00    0.00    0.00    0.00    0.00    0.00
11:07:50 PM    4    0.00    0.00    0.94    0.00    0.00    5.66    0.00    0.00    0.00   93.40
11:07:50 PM    5    0.00    0.00    0.00    0.00    0.00    0.00    0.00    0.00    0.00  100.00
11:07:50 PM    6    0.00    0.00    0.00    0.00    0.00    0.00    0.00    0.00    0.00  100.00
11:07:50 PM    7    0.00    0.00    0.00    0.00    0.00    0.00    0.00    0.00    0.00  100.00
11:07:50 PM    8    0.00    0.00    0.00    0.00    0.00    0.00    0.00    0.00    0.00  100.00
11:07:50 PM    9    0.00    0.00    0.00    0.00    0.00    0.00    0.00    0.00    0.00  100.00
11:07:50 PM   10    0.00    0.00    0.00    0.00    0.00    0.00    0.00    0.00    0.00  100.00
11:07:50 PM   11    0.00    0.00    0.00    0.00    0.00    0.00    0.00    0.00    0.00  100.00
11:07:50 PM   12    0.00    0.00    0.00    0.00    0.00    0.00    0.00    0.00    0.00  100.00
11:07:50 PM   13    0.00    0.00    0.00    0.00    0.00    0.00    0.00    0.00    0.00  100.00
11:07:50 PM   14    0.00    0.00    0.00    0.00    0.00    0.00    0.00    0.00    0.00  100.00
11:07:50 PM   15    0.00    0.00    0.00    0.00    0.00    0.00    0.00    0.00    0.00  100.00
11:07:50 PM   16    0.00    0.00    0.00    0.00    0.00   88.17    0.00    0.00    0.00   11.83
11:07:50 PM   17    0.00    0.00    0.00    0.00    0.00    0.00    0.00    0.00    0.00  100.00
11:07:50 PM   18    0.00    0.00    0.00    0.00    0.00    0.00    0.00    0.00    0.00  100.00
11:07:50 PM   19    0.00    0.00    0.00    0.00    0.00    0.00    0.00    0.00    0.00  100.00
11:07:50 PM   20    0.00    0.00    0.00    0.00    0.00    0.00    0.00    0.00    0.00  100.00
11:07:50 PM   21    0.00    0.00    0.00    0.00    0.00    5.05    0.00    0.00    0.00   94.95
11:07:50 PM   22    0.00    0.00    0.00    0.00    0.00    5.05    0.00    0.00    0.00   94.95
11:07:50 PM   23    0.00    0.00    0.00    0.00    0.00    4.08    0.00    0.00    0.00   95.92
11:07:50 PM   24    0.00    0.00    0.00    0.00    0.00    8.25    0.00    0.00    0.00   91.75
11:07:50 PM   25    0.00    0.00    0.00    0.00    0.00    0.00    0.00    0.00    0.00  100.00
11:07:50 PM   26    0.00    0.00    0.00    0.00    0.00    0.00    0.00    0.00    0.00  100.00
11:07:50 PM   27    0.00    0.00    0.00    0.00    0.00    0.00    0.00    0.00    0.00  100.00
11:07:50 PM   28    0.00    0.00    0.99    0.00    0.00    0.00    0.00    0.00    0.00   99.01
11:07:50 PM   29    0.00    0.00    0.00    0.00    0.00    0.00    0.00    0.00    0.00  100.00
11:07:50 PM   30    0.00    0.00    0.00    0.00    0.00    0.00    0.00    0.00    0.00  100.00
11:07:50 PM   31    0.00    0.00    0.00    0.00    0.00    0.00    0.00    0.00    0.00  100.00

11:07:50 PM  CPU    %usr   %nice    %sys %iowait    %irq   %soft  %steal  %guest  %gnice   %idle
11:07:51 PM  all    0.00    0.00   12.55    0.00    0.00    3.33    0.00    0.00    0.00   84.12
11:07:51 PM    0    0.00    0.00  100.00    0.00    0.00    0.00    0.00    0.00    0.00    0.00
11:07:51 PM    1    0.00    0.00  100.00    0.00    0.00    0.00    0.00    0.00    0.00    0.00
11:07:51 PM    2    0.00    0.00  100.00    0.00    0.00    0.00    0.00    0.00    0.00    0.00
11:07:51 PM    3    0.00    0.00  100.00    0.00    0.00    0.00    0.00    0.00    0.00    0.00
11:07:51 PM    4    0.00    0.00    0.00    0.00    0.00    0.00    0.00    0.00    0.00  100.00
11:07:51 PM    5    0.00    0.00    0.00    0.00    0.00    0.00    0.00    0.00    0.00  100.00
11:07:51 PM    6    0.00    0.00    0.00    0.00    0.00    0.00    0.00    0.00    0.00  100.00
11:07:51 PM    7    0.00    0.00    0.00    0.00    0.00    0.00    0.00    0.00    0.00  100.00
11:07:51 PM    8    0.00    0.00    0.00    0.00    0.00    0.00    0.00    0.00    0.00  100.00
11:07:51 PM    9    0.00    0.00    0.00    0.00    0.00    0.00    0.00    0.00    0.00  100.00
11:07:51 PM   10    0.00    0.00    0.00    0.00    0.00    0.00    0.00    0.00    0.00  100.00
11:07:51 PM   11    0.00    0.00    0.00    0.00    0.00    0.00    0.00    0.00    0.00  100.00
11:07:51 PM   12    0.00    0.00    0.00    0.00    0.00    0.00    0.00    0.00    0.00  100.00
11:07:51 PM   13    0.00    0.00    0.00    0.00    0.00    0.00    0.00    0.00    0.00  100.00
11:07:51 PM   14    0.00    0.00    0.00    0.00    0.00    0.00    0.00    0.00    0.00  100.00
11:07:51 PM   15    0.00    0.00    0.00    0.00    0.00    0.00    0.00    0.00    0.00  100.00
11:07:51 PM   16    0.00    0.00    0.00    0.00    0.00   88.42    0.00    0.00    0.00   11.58
11:07:51 PM   17    0.00    0.00    0.00    0.00    0.00    0.00    0.00    0.00    0.00  100.00
11:07:51 PM   18    0.00    0.00    0.00    0.00    0.00    0.00    0.00    0.00    0.00  100.00
11:07:51 PM   19    0.00    0.00    0.00    0.00    0.00    0.00    0.00    0.00    0.00  100.00
11:07:51 PM   20    0.00    0.00    0.00    0.00    0.00    0.00    0.00    0.00    0.00  100.00
11:07:51 PM   21    0.00    0.00    0.00    0.00    0.00    4.08    0.00    0.00    0.00   95.92
11:07:51 PM   22    0.00    0.00    0.00    0.00    0.00    5.10    0.00    0.00    0.00   94.90
11:07:51 PM   23    0.00    0.00    0.00    0.00    0.00    6.00    0.00    0.00    0.00   94.00
11:07:51 PM   24    0.00    0.00    0.00    0.00    0.00    7.22    0.00    0.00    0.00   92.78
11:07:51 PM   25    0.00    0.00    0.00    0.00    0.00    0.00    0.00    0.00    0.00  100.00
11:07:51 PM   26    0.00    0.00    0.00    0.00    0.00    0.00    0.00    0.00    0.00  100.00
11:07:51 PM   27    0.00    0.00    0.00    0.00    0.00    0.00    0.00    0.00    0.00  100.00
11:07:51 PM   28    0.00    0.00    0.00    0.00    0.00    0.00    0.00    0.00    0.00  100.00
11:07:51 PM   29    0.00    0.00    0.00    0.00    0.00    0.00    0.00    0.00    0.00  100.00
11:07:51 PM   30    0.00    0.00    0.00    0.00    0.00    0.00    0.00    0.00    0.00  100.00
11:07:51 PM   31    0.00    0.00    0.00    0.00    0.00    0.00    0.00    0.00    0.00  100.00

11:07:51 PM  CPU    %usr   %nice    %sys %iowait    %irq   %soft  %steal  %guest  %gnice   %idle
11:07:52 PM  all    0.00    0.00   12.55    0.00    0.00    3.36    0.00    0.00    0.00   84.09
11:07:52 PM    0    0.00    0.00  100.00    0.00    0.00    0.00    0.00    0.00    0.00    0.00
11:07:52 PM    1    0.00    0.00  100.00    0.00    0.00    0.00    0.00    0.00    0.00    0.00
11:07:52 PM    2    0.00    0.00  100.00    0.00    0.00    0.00    0.00    0.00    0.00    0.00
11:07:52 PM    3    0.00    0.00  100.00    0.00    0.00    0.00    0.00    0.00    0.00    0.00
11:07:52 PM    4    0.00    0.00    0.00    0.00    0.00    0.00    0.00    0.00    0.00  100.00
11:07:52 PM    5    0.00    0.00    0.00    0.00    0.00    0.00    0.00    0.00    0.00  100.00
11:07:52 PM    6    0.00    0.00    0.00    0.00    0.00    0.00    0.00    0.00    0.00  100.00
11:07:52 PM    7    0.00    0.00    0.00    0.00    0.00    0.00    0.00    0.00    0.00  100.00
11:07:52 PM    8    0.00    0.00    0.00    0.00    0.00    0.00    0.00    0.00    0.00  100.00
11:07:52 PM    9    0.00    0.00    0.00    0.00    0.00    0.00    0.00    0.00    0.00  100.00
11:07:52 PM   10    0.00    0.00    0.00    0.00    0.00    0.00    0.00    0.00    0.00  100.00
11:07:52 PM   11    0.00    0.00    0.00    0.00    0.00    0.00    0.00    0.00    0.00  100.00
11:07:52 PM   12    0.00    0.00    0.00    0.00    0.00    0.00    0.00    0.00    0.00  100.00
11:07:52 PM   13    0.00    0.00    0.00    0.00    0.00    0.00    0.00    0.00    0.00  100.00
11:07:52 PM   14    0.00    0.00    0.00    0.00    0.00    0.00    0.00    0.00    0.00  100.00
11:07:52 PM   15    0.00    0.00    0.00    0.00    0.00    0.00    0.00    0.00    0.00  100.00
11:07:52 PM   16    0.00    0.00    0.00    0.00    0.00   88.30    0.00    0.00    0.00   11.70
11:07:52 PM   17    0.00    0.00    0.00    0.00    0.00    0.00    0.00    0.00    0.00  100.00
11:07:52 PM   18    0.00    0.00    0.00    0.00    0.00    0.00    0.00    0.00    0.00  100.00
11:07:52 PM   19    0.00    0.00    0.00    0.00    0.00    0.00    0.00    0.00    0.00  100.00
11:07:52 PM   20    0.00    0.00    0.00    0.00    0.00    0.00    0.00    0.00    0.00  100.00
11:07:52 PM   21    0.00    0.00    0.00    0.00    0.00    3.06    0.00    0.00    0.00   96.94
11:07:52 PM   22    0.00    0.00    0.00    0.00    0.00    6.00    0.00    0.00    0.00   94.00
11:07:52 PM   23    0.00    0.00    0.00    0.00    0.00    5.10    0.00    0.00    0.00   94.90
11:07:52 PM   24    0.00    0.00    0.00    0.00    0.00   10.10    0.00    0.00    0.00   89.90
11:07:52 PM   25    0.00    0.00    0.00    0.00    0.00    0.00    0.00    0.00    0.00  100.00
11:07:52 PM   26    0.00    0.00    0.00    0.00    0.00    0.00    0.00    0.00    0.00  100.00
11:07:52 PM   27    0.00    0.00    0.00    0.00    0.00    0.00    0.00    0.00    0.00  100.00
11:07:52 PM   28    0.00    0.00    0.00    0.00    0.00    0.00    0.00    0.00    0.00  100.00
11:07:52 PM   29    0.00    0.00    0.00    0.00    0.00    0.00    0.00    0.00    0.00  100.00
11:07:52 PM   30    0.00    0.00    0.00    0.00    0.00    0.00    0.00    0.00    0.00  100.00
11:07:52 PM   31    0.00    0.00    0.00    0.00    0.00    0.00    0.00    0.00    0.00  100.00

11:07:52 PM  CPU    %usr   %nice    %sys %iowait    %irq   %soft  %steal  %guest  %gnice   %idle
11:07:53 PM  all    0.00    0.00   12.56    0.00    0.00    3.45    0.00    0.00    0.00   83.99
11:07:53 PM    0    0.00    0.00  100.00    0.00    0.00    0.00    0.00    0.00    0.00    0.00
11:07:53 PM    1    0.00    0.00  100.00    0.00    0.00    0.00    0.00    0.00    0.00    0.00
11:07:53 PM    2    0.00    0.00  100.00    0.00    0.00    0.00    0.00    0.00    0.00    0.00
11:07:53 PM    3    0.00    0.00  100.00    0.00    0.00    0.00    0.00    0.00    0.00    0.00
11:07:53 PM    4    0.00    0.00    0.00    0.00    0.00    0.00    0.00    0.00    0.00  100.00
11:07:53 PM    5    0.00    0.00    0.00    0.00    0.00    0.00    0.00    0.00    0.00  100.00
11:07:53 PM    6    0.00    0.00    0.99    0.00    0.00    0.00    0.00    0.00    0.00   99.01
11:07:53 PM    7    0.00    0.00    0.00    0.00    0.00    0.00    0.00    0.00    0.00  100.00
11:07:53 PM    8    0.00    0.00    0.00    0.00    0.00    0.00    0.00    0.00    0.00  100.00
11:07:53 PM    9    0.00    0.00    0.00    0.00    0.00    0.00    0.00    0.00    0.00  100.00
11:07:53 PM   10    0.00    0.00    0.00    0.00    0.00    0.00    0.00    0.00    0.00  100.00
11:07:53 PM   11    0.00    0.00    0.00    0.00    0.00    0.00    0.00    0.00    0.00  100.00
11:07:53 PM   12    0.00    0.00    0.00    0.00    0.00    0.00    0.00    0.00    0.00  100.00
11:07:53 PM   13    0.00    0.00    0.00    0.00    0.00    0.00    0.00    0.00    0.00  100.00
11:07:53 PM   14    0.00    0.00    0.00    0.00    0.00    0.00    0.00    0.00    0.00  100.00
11:07:53 PM   15    0.00    0.00    0.00    0.00    0.00    0.00    0.00    0.00    0.00  100.00
11:07:53 PM   16    0.00    0.00    0.00    0.00    0.00   88.42    0.00    0.00    0.00   11.58
11:07:53 PM   17    0.00    0.00    0.00    0.00    0.00    0.00    0.00    0.00    0.00  100.00
11:07:53 PM   18    0.00    0.00    0.00    0.00    0.00    0.00    0.00    0.00    0.00  100.00
11:07:53 PM   19    0.00    0.00    0.00    0.00    0.00    0.00    0.00    0.00    0.00  100.00
11:07:53 PM   20    0.00    0.00    0.00    0.00    0.00    0.00    0.00    0.00    0.00  100.00
11:07:53 PM   21    0.00    0.00    0.00    0.00    0.00    5.05    0.00    0.00    0.00   94.95
11:07:53 PM   22    0.00    0.00    0.00    0.00    0.00    6.06    0.00    0.00    0.00   93.94
11:07:53 PM   23    0.00    0.00    0.00    0.00    0.00    6.93    0.00    0.00    0.00   93.07
11:07:53 PM   24    0.00    0.00    0.00    0.00    0.00    8.25    0.00    0.00    0.00   91.75
11:07:53 PM   25    0.00    0.00    0.00    0.00    0.00    0.00    0.00    0.00    0.00  100.00
11:07:53 PM   26    0.00    0.00    0.00    0.00    0.00    0.00    0.00    0.00    0.00  100.00
11:07:53 PM   27    0.00    0.00    0.00    0.00    0.00    0.00    0.00    0.00    0.00  100.00
11:07:53 PM   28    0.00    0.00    0.00    0.00    0.00    0.00    0.00    0.00    0.00  100.00
11:07:53 PM   29    0.00    0.00    0.00    0.00    0.00    0.00    0.00    0.00    0.00  100.00
11:07:53 PM   30    0.00    0.00    0.00    0.00    0.00    0.00    0.00    0.00    0.00  100.00
11:07:53 PM   31    0.00    0.00    0.00    0.00    0.00    0.00    0.00    0.00    0.00  100.00

11:07:53 PM  CPU    %usr   %nice    %sys %iowait    %irq   %soft  %steal  %guest  %gnice   %idle
11:07:54 PM  all    0.00    0.00   12.55    0.00    0.00    3.32    0.00    0.00    0.00   84.13
11:07:54 PM    0    0.00    0.00  100.00    0.00    0.00    0.00    0.00    0.00    0.00    0.00
11:07:54 PM    1    0.00    0.00  100.00    0.00    0.00    0.00    0.00    0.00    0.00    0.00
11:07:54 PM    2    0.00    0.00  100.00    0.00    0.00    0.00    0.00    0.00    0.00    0.00
11:07:54 PM    3    0.00    0.00  100.00    0.00    0.00    0.00    0.00    0.00    0.00    0.00
11:07:54 PM    4    0.00    0.00    0.00    0.00    0.00    0.00    0.00    0.00    0.00  100.00
11:07:54 PM    5    0.00    0.00    0.00    0.00    0.00    0.00    0.00    0.00    0.00  100.00
11:07:54 PM    6    0.00    0.00    0.00    0.00    0.00    0.00    0.00    0.00    0.00  100.00
11:07:54 PM    7    0.00    0.00    0.00    0.00    0.00    0.00    0.00    0.00    0.00  100.00
11:07:54 PM    8    0.00    0.00    0.00    0.00    0.00    0.00    0.00    0.00    0.00  100.00
11:07:54 PM    9    0.00    0.00    0.00    0.00    0.00    0.00    0.00    0.00    0.00  100.00
11:07:54 PM   10    0.00    0.00    0.00    0.00    0.00    0.00    0.00    0.00    0.00  100.00
11:07:54 PM   11    0.00    0.00    0.00    0.00    0.00    0.00    0.00    0.00    0.00  100.00
11:07:54 PM   12    0.00    0.00    0.00    0.00    0.00    0.00    0.00    0.00    0.00  100.00
11:07:54 PM   13    0.00    0.00    0.00    0.00    0.00    0.00    0.00    0.00    0.00  100.00
11:07:54 PM   14    0.00    0.00    0.00    0.00    0.00    0.00    0.00    0.00    0.00  100.00
11:07:54 PM   15    0.00    0.00    0.00    0.00    0.00    0.00    0.00    0.00    0.00  100.00
11:07:54 PM   16    0.00    0.00    0.00    0.00    0.00   88.42    0.00    0.00    0.00   11.58
11:07:54 PM   17    0.00    0.00    0.00    0.00    0.00    0.00    0.00    0.00    0.00  100.00
11:07:54 PM   18    0.00    0.00    0.00    0.00    0.00    0.00    0.00    0.00    0.00  100.00
11:07:54 PM   19    0.00    0.00    0.00    0.00    0.00    0.00    0.00    0.00    0.00  100.00
11:07:54 PM   20    0.00    0.00    0.00    0.00    0.00    0.00    0.00    0.00    0.00  100.00
11:07:54 PM   21    0.00    0.00    0.00    0.00    0.00    4.08    0.00    0.00    0.00   95.92
11:07:54 PM   22    0.00    0.00    0.00    0.00    0.00    6.00    0.00    0.00    0.00   94.00
11:07:54 PM   23    0.00    0.00    0.00    0.00    0.00    4.08    0.00    0.00    0.00   95.92
11:07:54 PM   24    0.00    0.00    0.00    0.00    0.00    8.25    0.00    0.00    0.00   91.75
11:07:54 PM   25    0.00    0.00    0.00    0.00    0.00    0.00    0.00    0.00    0.00  100.00
11:07:54 PM   26    0.00    0.00    0.00    0.00    0.00    0.00    0.00    0.00    0.00  100.00
11:07:54 PM   27    0.00    0.00    0.00    0.00    0.00    0.00    0.00    0.00    0.00  100.00
11:07:54 PM   28    0.00    0.00    0.00    0.00    0.00    0.00    0.00    0.00    0.00  100.00
11:07:54 PM   29    0.00    0.00    0.00    0.00    0.00    0.00    0.00    0.00    0.00  100.00
11:07:54 PM   30    0.00    0.00    0.00    0.00    0.00    0.00    0.00    0.00    0.00  100.00
11:07:54 PM   31    0.00    0.00    0.00    0.00    0.00    0.00    0.00    0.00    0.00  100.00

11:07:54 PM  CPU    %usr   %nice    %sys %iowait    %irq   %soft  %steal  %guest  %gnice   %idle
11:07:55 PM  all    0.00    0.00   12.57    0.00    0.00    3.36    0.00    0.00    0.00   84.07
11:07:55 PM    0    0.00    0.00  100.00    0.00    0.00    0.00    0.00    0.00    0.00    0.00
11:07:55 PM    1    0.00    0.00  100.00    0.00    0.00    0.00    0.00    0.00    0.00    0.00
11:07:55 PM    2    0.00    0.00  100.00    0.00    0.00    0.00    0.00    0.00    0.00    0.00
11:07:55 PM    3    0.00    0.00  100.00    0.00    0.00    0.00    0.00    0.00    0.00    0.00
11:07:55 PM    4    0.00    0.00    0.00    0.00    0.00    0.00    0.00    0.00    0.00  100.00
11:07:55 PM    5    0.00    0.00    0.00    0.00    0.00    0.00    0.00    0.00    0.00  100.00
11:07:55 PM    6    0.00    0.00    0.00    0.00    0.00    0.00    0.00    0.00    0.00  100.00
11:07:55 PM    7    0.00    0.00    0.00    0.00    0.00    0.00    0.00    0.00    0.00  100.00
11:07:55 PM    8    0.00    0.00    0.00    0.00    0.00    0.00    0.00    0.00    0.00  100.00
11:07:55 PM    9    0.00    0.00    0.00    0.00    0.00    0.00    0.00    0.00    0.00  100.00
11:07:55 PM   10    0.00    0.00    0.00    0.00    0.00    0.00    0.00    0.00    0.00  100.00
11:07:55 PM   11    0.00    0.00    0.00    0.00    0.00    0.00    0.00    0.00    0.00  100.00
11:07:55 PM   12    0.00    0.00    0.00    0.00    0.00    0.00    0.00    0.00    0.00  100.00
11:07:55 PM   13    0.00    0.00    0.00    0.00    0.00    0.00    0.00    0.00    0.00  100.00
11:07:55 PM   14    0.00    0.00    0.00    0.00    0.00    0.00    0.00    0.00    0.00  100.00
11:07:55 PM   15    0.00    0.00    0.00    0.00    0.00    0.00    0.00    0.00    0.00  100.00
11:07:55 PM   16    0.00    0.00    1.05    0.00    0.00   87.37    0.00    0.00    0.00   11.58
11:07:55 PM   17    0.00    0.00    0.00    0.00    0.00    0.00    0.00    0.00    0.00  100.00
11:07:55 PM   18    0.00    0.00    0.00    0.00    0.00    0.00    0.00    0.00    0.00  100.00
11:07:55 PM   19    0.00    0.00    0.00    0.00    0.00    0.00    0.00    0.00    0.00  100.00
11:07:55 PM   20    0.00    0.00    0.00    0.00    0.00    0.00    0.00    0.00    0.00  100.00
11:07:55 PM   21    0.00    0.00    0.00    0.00    0.00    6.00    0.00    0.00    0.00   94.00
11:07:55 PM   22    0.00    0.00    0.00    0.00    0.00    5.05    0.00    0.00    0.00   94.95
11:07:55 PM   23    0.00    0.00    0.00    0.00    0.00    5.05    0.00    0.00    0.00   94.95
11:07:55 PM   24    0.00    0.00    0.00    0.00    0.00    8.25    0.00    0.00    0.00   91.75
11:07:55 PM   25    0.00    0.00    0.00    0.00    0.00    0.00    0.00    0.00    0.00  100.00
11:07:55 PM   26    0.00    0.00    0.00    0.00    0.00    0.00    0.00    0.00    0.00  100.00
11:07:55 PM   27    0.00    0.00    0.00    0.00    0.00    0.00    0.00    0.00    0.00  100.00
11:07:55 PM   28    0.00    0.00    0.00    0.00    0.00    0.00    0.00    0.00    0.00  100.00
11:07:55 PM   29    0.00    0.00    0.00    0.00    0.00    0.00    0.00    0.00    0.00  100.00
11:07:55 PM   30    0.00    0.00    0.00    0.00    0.00    0.00    0.00    0.00    0.00  100.00
11:07:55 PM   31    0.00    0.00    0.00    0.00    0.00    0.00    0.00    0.00    0.00  100.00

11:07:55 PM  CPU    %usr   %nice    %sys %iowait    %irq   %soft  %steal  %guest  %gnice   %idle
11:07:56 PM  all    0.00    0.00   12.54    0.00    0.00    3.29    0.00    0.00    0.00   84.16
11:07:56 PM    0    0.00    0.00  100.00    0.00    0.00    0.00    0.00    0.00    0.00    0.00
11:07:56 PM    1    0.00    0.00  100.00    0.00    0.00    0.00    0.00    0.00    0.00    0.00
11:07:56 PM    2    0.00    0.00  100.00    0.00    0.00    0.00    0.00    0.00    0.00    0.00
11:07:56 PM    3    0.00    0.00  100.00    0.00    0.00    0.00    0.00    0.00    0.00    0.00
11:07:56 PM    4    0.00    0.00    0.00    0.00    0.00    0.00    0.00    0.00    0.00  100.00
11:07:56 PM    5    0.00    0.00    0.00    0.00    0.00    0.00    0.00    0.00    0.00  100.00
11:07:56 PM    6    0.00    0.00    0.00    0.00    0.00    0.00    0.00    0.00    0.00  100.00
11:07:56 PM    7    0.00    0.00    0.00    0.00    0.00    0.00    0.00    0.00    0.00  100.00
11:07:56 PM    8    0.00    0.00    0.00    0.00    0.00    0.00    0.00    0.00    0.00  100.00
11:07:56 PM    9    0.00    0.00    0.00    0.00    0.00    0.00    0.00    0.00    0.00  100.00
11:07:56 PM   10    0.00    0.00    0.00    0.00    0.00    0.00    0.00    0.00    0.00  100.00
11:07:56 PM   11    0.00    0.00    0.00    0.00    0.00    0.00    0.00    0.00    0.00  100.00
11:07:56 PM   12    0.00    0.00    0.00    0.00    0.00    0.00    0.00    0.00    0.00  100.00
11:07:56 PM   13    0.00    0.00    0.00    0.00    0.00    0.00    0.00    0.00    0.00  100.00
11:07:56 PM   14    0.00    0.00    0.00    0.00    0.00    0.00    0.00    0.00    0.00  100.00
11:07:56 PM   15    0.00    0.00    0.00    0.00    0.00    0.00    0.00    0.00    0.00  100.00
11:07:56 PM   16    0.00    0.00    0.00    0.00    0.00   87.50    0.00    0.00    0.00   12.50
11:07:56 PM   17    0.00    0.00    0.00    0.00    0.00    0.00    0.00    0.00    0.00  100.00
11:07:56 PM   18    0.00    0.00    0.00    0.00    0.00    0.00    0.00    0.00    0.00  100.00
11:07:56 PM   19    0.00    0.00    0.00    0.00    0.00    0.00    0.00    0.00    0.00  100.00
11:07:56 PM   20    0.00    0.00    0.00    0.00    0.00    0.00    0.00    0.00    0.00  100.00
11:07:56 PM   21    0.00    0.00    0.00    0.00    0.00    4.04    0.00    0.00    0.00   95.96
11:07:56 PM   22    0.00    0.00    0.00    0.00    0.00    4.08    0.00    0.00    0.00   95.92
11:07:56 PM   23    0.00    0.00    0.00    0.00    0.00    5.05    0.00    0.00    0.00   94.95
11:07:56 PM   24    0.00    0.00    0.00    0.00    0.00    8.25    0.00    0.00    0.00   91.75
11:07:56 PM   25    0.00    0.00    0.00    0.00    0.00    0.00    0.00    0.00    0.00  100.00
11:07:56 PM   26    0.00    0.00    0.00    0.00    0.00    0.00    0.00    0.00    0.00  100.00
11:07:56 PM   27    0.00    0.00    0.00    0.00    0.00    0.00    0.00    0.00    0.00  100.00
11:07:56 PM   28    0.00    0.00    0.00    0.00    0.00    0.00    0.00    0.00    0.00  100.00
11:07:56 PM   29    0.00    0.00    0.00    0.00    0.00    0.00    0.00    0.00    0.00  100.00
11:07:56 PM   30    0.00    0.00    0.00    0.00    0.00    0.00    0.00    0.00    0.00  100.00
11:07:56 PM   31    0.00    0.00    0.00    0.00    0.00    0.00    0.00    0.00    0.00  100.00

Average:     CPU    %usr   %nice    %sys %iowait    %irq   %soft  %steal  %guest  %gnice   %idle
Average:     all    0.00    0.00   12.49    0.00    0.00    3.32    0.00    0.00    0.00   84.19
Average:       0    0.00    0.00   99.33    0.00    0.00    0.00    0.00    0.00    0.00    0.67
Average:       1    0.00    0.00   99.17    0.00    0.00    0.00    0.00    0.00    0.00    0.83
Average:       2    0.00    0.00   99.33    0.00    0.00    0.00    0.00    0.00    0.00    0.67
Average:       3    0.00    0.00   99.83    0.00    0.00    0.00    0.00    0.00    0.00    0.17
Average:       4    0.00    0.00    0.08    0.00    0.00    0.75    0.00    0.00    0.00   99.17
Average:       5    0.00    0.00    0.00    0.00    0.00    0.00    0.00    0.00    0.00  100.00
Average:       6    0.00    0.00    0.08    0.00    0.00    0.00    0.00    0.00    0.00   99.92
Average:       7    0.00    0.00    0.00    0.00    0.00    0.00    0.00    0.00    0.00  100.00
Average:       8    0.00    0.00    0.00    0.00    0.00    0.00    0.00    0.00    0.00  100.00
Average:       9    0.00    0.00    0.00    0.00    0.00    0.00    0.00    0.00    0.00  100.00
Average:      10    0.00    0.00    0.00    0.00    0.00    0.00    0.00    0.00    0.00  100.00
Average:      11    0.00    0.00    0.00    0.00    0.00    0.00    0.00    0.00    0.00  100.00
Average:      12    0.00    0.00    0.00    0.00    0.00    0.00    0.00    0.00    0.00  100.00
Average:      13    0.00    0.00    0.00    0.00    0.00    0.00    0.00    0.00    0.00  100.00
Average:      14    0.00    0.00    0.00    0.00    0.00    0.00    0.00    0.00    0.00  100.00
Average:      15    0.00    0.00    0.00    0.00    0.00    0.00    0.00    0.00    0.00  100.00
Average:      16    0.00    0.00    0.18    0.00    0.00   87.49    0.00    0.00    0.00   12.33
Average:      17    0.00    0.00    0.00    0.00    0.00    0.00    0.00    0.00    0.00  100.00
Average:      18    0.00    0.00    0.00    0.00    0.00    0.00    0.00    0.00    0.00  100.00
Average:      19    0.00    0.00    0.00    0.00    0.00    0.00    0.00    0.00    0.00  100.00
Average:      20    0.00    0.00    0.00    0.08    0.00    0.00    0.00    0.00    0.00   99.92
Average:      21    0.00    0.00    0.00    0.00    0.00    4.72    0.00    0.00    0.00   95.28
Average:      22    0.00    0.00    0.00    0.00    0.00    5.48    0.00    0.00    0.00   94.52
Average:      23    0.00    0.00    0.00    0.00    0.00    5.05    0.00    0.00    0.00   94.95
Average:      24    0.00    0.00    0.00    0.00    0.00    8.63    0.00    0.00    0.00   91.37
Average:      25    0.00    0.00    0.00    0.00    0.00    0.00    0.00    0.00    0.00  100.00
Average:      26    0.00    0.00    0.00    0.00    0.00    0.00    0.00    0.00    0.00  100.00
Average:      27    0.08    0.00    0.00    0.00    0.00    0.00    0.00    0.00    0.00   99.92
Average:      28    0.00    0.00    0.08    0.00    0.00    0.00    0.00    0.00    0.00   99.92
Average:      29    0.00    0.00    0.00    0.00    0.00    0.00    0.00    0.00    0.00  100.00
Average:      30    0.00    0.00    0.00    0.00    0.00    0.00    0.00    0.00    0.00  100.00
Average:      31    0.00    0.00    0.00    0.00    0.00    0.00    0.00    0.00    0.00  100.00
