Linux 7.0.0-22-generic (ms-a2-gateway) 	06/08/2026 	_x86_64_	(32 CPU)

11:13:19 PM  CPU    %usr   %nice    %sys %iowait    %irq   %soft  %steal  %guest  %gnice   %idle
11:13:20 PM  all    0.00    0.00   12.28    0.00    0.00    3.70    0.00    0.00    0.00   84.02
11:13:20 PM    0    0.00    0.00   98.00    0.00    0.00    0.00    0.00    0.00    0.00    2.00
11:13:20 PM    1    0.00    0.00   98.00    0.00    0.00    0.00    0.00    0.00    0.00    2.00
11:13:20 PM    2    0.00    0.00   97.98    0.00    0.00    0.00    0.00    0.00    0.00    2.02
11:13:20 PM    3    0.00    0.00   98.00    0.00    0.00    0.00    0.00    0.00    0.00    2.00
11:13:20 PM    4    0.00    0.00    0.00    0.00    0.00    0.99    0.00    0.00    0.00   99.01
11:13:20 PM    5    0.00    0.00    0.00    0.00    0.00    0.00    0.00    0.00    0.00  100.00
11:13:20 PM    6    0.00    0.00    0.00    0.00    0.00    0.00    0.00    0.00    0.00  100.00
11:13:20 PM    7    0.00    0.00    0.00    0.00    0.00    0.00    0.00    0.00    0.00  100.00
11:13:20 PM    8    0.00    0.00    0.00    0.00    0.00    0.00    0.00    0.00    0.00  100.00
11:13:20 PM    9    0.00    0.00    0.00    0.00    0.00    0.00    0.00    0.00    0.00  100.00
11:13:20 PM   10    0.00    0.00    0.00    0.00    0.00    0.00    0.00    0.00    0.00  100.00
11:13:20 PM   11    0.00    0.00    0.99    0.00    0.00    0.00    0.00    0.00    0.00   99.01
11:13:20 PM   12    0.00    0.00    0.00    0.00    0.00    0.00    0.00    0.00    0.00  100.00
11:13:20 PM   13    0.00    0.00    0.00    0.00    0.00    0.00    0.00    0.00    0.00  100.00
11:13:20 PM   14    0.00    0.00    0.00    0.00    0.00    0.00    0.00    0.00    0.00  100.00
11:13:20 PM   15    0.00    0.00    0.00    0.00    0.00    0.00    0.00    0.00    0.00  100.00
11:13:20 PM   16    0.00    0.00    0.00    0.00    0.00    0.00    0.00    0.00    0.00  100.00
11:13:20 PM   17    0.00    0.00    0.00    0.00    0.00    0.00    0.00    0.00    0.00  100.00
11:13:20 PM   18    0.00    0.00    0.00    0.00    0.00    0.00    0.00    0.00    0.00  100.00
11:13:20 PM   19    0.00    0.00    0.00    0.00    0.00   98.00    0.00    0.00    0.00    2.00
11:13:20 PM   20    0.00    0.00    0.00    0.00    0.00    0.00    0.00    0.00    0.00  100.00
11:13:20 PM   21    0.00    0.00    0.00    0.00    0.00    8.16    0.00    0.00    0.00   91.84
11:13:20 PM   22    0.00    0.00    0.00    0.00    0.00    7.22    0.00    0.00    0.00   92.78
11:13:20 PM   23    0.00    0.00    0.00    0.00    0.00    3.03    0.00    0.00    0.00   96.97
11:13:20 PM   24    0.00    0.00    0.00    0.00    0.00    1.02    0.00    0.00    0.00   98.98
11:13:20 PM   25    0.00    0.00    0.00    0.00    0.00    0.00    0.00    0.00    0.00  100.00
11:13:20 PM   26    0.00    0.00    0.00    0.00    0.00    0.00    0.00    0.00    0.00  100.00
11:13:20 PM   27    0.00    0.00    0.00    0.00    0.00    0.00    0.00    0.00    0.00  100.00
11:13:20 PM   28    0.00    0.00    0.00    0.00    0.00    0.00    0.00    0.00    0.00  100.00
11:13:20 PM   29    0.00    0.00    0.00    0.00    0.00    0.00    0.00    0.00    0.00  100.00
11:13:20 PM   30    0.00    0.00    0.00    0.00    0.00    0.00    0.00    0.00    0.00  100.00
11:13:20 PM   31    0.00    0.00    0.00    0.00    0.00    0.00    0.00    0.00    0.00  100.00

11:13:20 PM  CPU    %usr   %nice    %sys %iowait    %irq   %soft  %steal  %guest  %gnice   %idle
11:13:21 PM  all    0.00    0.00   12.53    0.00    0.00    3.79    0.00    0.00    0.00   83.68
11:13:21 PM    0    0.00    0.00  100.00    0.00    0.00    0.00    0.00    0.00    0.00    0.00
11:13:21 PM    1    0.00    0.00  100.00    0.00    0.00    0.00    0.00    0.00    0.00    0.00
11:13:21 PM    2    0.00    0.00  100.00    0.00    0.00    0.00    0.00    0.00    0.00    0.00
11:13:21 PM    3    0.00    0.00  100.00    0.00    0.00    0.00    0.00    0.00    0.00    0.00
11:13:21 PM    4    0.00    0.00    0.00    0.00    0.00    0.00    0.00    0.00    0.00  100.00
11:13:21 PM    5    0.00    0.00    0.00    0.00    0.00    0.00    0.00    0.00    0.00  100.00
11:13:21 PM    6    0.00    0.00    0.00    0.00    0.00    0.00    0.00    0.00    0.00  100.00
11:13:21 PM    7    0.00    0.00    0.00    0.00    0.00    0.00    0.00    0.00    0.00  100.00
11:13:21 PM    8    0.00    0.00    0.00    0.00    0.00    0.00    0.00    0.00    0.00  100.00
11:13:21 PM    9    0.00    0.00    0.00    0.00    0.00    0.00    0.00    0.00    0.00  100.00
11:13:21 PM   10    0.00    0.00    0.00    0.00    0.00    0.00    0.00    0.00    0.00  100.00
11:13:21 PM   11    0.00    0.00    0.00    0.00    0.00    0.00    0.00    0.00    0.00  100.00
11:13:21 PM   12    0.00    0.00    0.00    0.00    0.00    0.00    0.00    0.00    0.00  100.00
11:13:21 PM   13    0.00    0.00    0.00    0.00    0.00    0.00    0.00    0.00    0.00  100.00
11:13:21 PM   14    0.00    0.00    0.00    0.00    0.00    0.00    0.00    0.00    0.00  100.00
11:13:21 PM   15    0.00    0.00    0.00    0.00    0.00    0.00    0.00    0.00    0.00  100.00
11:13:21 PM   16    0.00    0.00    0.00    0.00    0.00    0.00    0.00    0.00    0.00  100.00
11:13:21 PM   17    0.00    0.00    0.00    0.00    0.00    0.00    0.00    0.00    0.00  100.00
11:13:21 PM   18    0.00    0.00    0.00    0.00    0.00    0.00    0.00    0.00    0.00  100.00
11:13:21 PM   19    0.00    0.00    0.00    0.00    0.00  100.00    0.00    0.00    0.00    0.00
11:13:21 PM   20    0.00    0.00    0.00    0.00    0.00    0.00    0.00    0.00    0.00  100.00
11:13:21 PM   21    0.00    0.00    0.00    0.00    0.00    4.08    0.00    0.00    0.00   95.92
11:13:21 PM   22    0.00    0.00    0.00    0.00    0.00    5.05    0.00    0.00    0.00   94.95
11:13:21 PM   23    0.00    0.00    0.00    0.00    0.00    4.08    0.00    0.00    0.00   95.92
11:13:21 PM   24    0.00    0.00    0.00    0.00    0.00    8.16    0.00    0.00    0.00   91.84
11:13:21 PM   25    0.00    0.00    0.00    0.00    0.00    0.00    0.00    0.00    0.00  100.00
11:13:21 PM   26    0.00    0.00    0.00    0.00    0.00    0.00    0.00    0.00    0.00  100.00
11:13:21 PM   27    0.00    0.00    0.00    0.00    0.00    0.00    0.00    0.00    0.00  100.00
11:13:21 PM   28    0.00    0.00    0.00    0.00    0.00    0.00    0.00    0.00    0.00  100.00
11:13:21 PM   29    0.00    0.00    0.00    0.00    0.00    0.00    0.00    0.00    0.00  100.00
11:13:21 PM   30    0.00    0.00    0.00    0.00    0.00    0.00    0.00    0.00    0.00  100.00
11:13:21 PM   31    0.00    0.00    0.00    0.00    0.00    0.00    0.00    0.00    0.00  100.00

11:13:21 PM  CPU    %usr   %nice    %sys %iowait    %irq   %soft  %steal  %guest  %gnice   %idle
11:13:22 PM  all    0.00    0.00   12.55    0.00    0.00    3.85    0.00    0.00    0.00   83.59
11:13:22 PM    0    0.00    0.00  100.00    0.00    0.00    0.00    0.00    0.00    0.00    0.00
11:13:22 PM    1    0.00    0.00  100.00    0.00    0.00    0.00    0.00    0.00    0.00    0.00
11:13:22 PM    2    0.00    0.00  100.00    0.00    0.00    0.00    0.00    0.00    0.00    0.00
11:13:22 PM    3    0.00    0.00  100.00    0.00    0.00    0.00    0.00    0.00    0.00    0.00
11:13:22 PM    4    0.00    0.00    0.00    0.00    0.00    0.00    0.00    0.00    0.00  100.00
11:13:22 PM    5    0.00    0.00    0.00    0.00    0.00    0.00    0.00    0.00    0.00  100.00
11:13:22 PM    6    0.00    0.00    0.00    0.00    0.00    0.00    0.00    0.00    0.00  100.00
11:13:22 PM    7    0.00    0.00    0.00    0.00    0.00    0.00    0.00    0.00    0.00  100.00
11:13:22 PM    8    0.00    0.00    0.00    0.00    0.00    0.00    0.00    0.00    0.00  100.00
11:13:22 PM    9    0.00    0.00    0.00    0.00    0.00    0.00    0.00    0.00    0.00  100.00
11:13:22 PM   10    0.00    0.00    0.00    0.00    0.00    0.00    0.00    0.00    0.00  100.00
11:13:22 PM   11    0.00    0.00    0.00    0.00    0.00    0.00    0.00    0.00    0.00  100.00
11:13:22 PM   12    0.00    0.00    0.99    0.00    0.00    0.00    0.00    0.00    0.00   99.01
11:13:22 PM   13    0.00    0.00    0.00    0.00    0.00    0.00    0.00    0.00    0.00  100.00
11:13:22 PM   14    0.00    0.00    0.00    0.00    0.00    0.00    0.00    0.00    0.00  100.00
11:13:22 PM   15    0.00    0.00    0.00    0.00    0.00    0.00    0.00    0.00    0.00  100.00
11:13:22 PM   16    0.00    0.00    0.00    0.00    0.00    0.00    0.00    0.00    0.00  100.00
11:13:22 PM   17    0.00    0.00    0.00    0.00    0.00    0.00    0.00    0.00    0.00  100.00
11:13:22 PM   18    0.00    0.00    0.00    0.00    0.00    0.00    0.00    0.00    0.00  100.00
11:13:22 PM   19    0.00    0.00    0.00    0.00    0.00  100.00    0.00    0.00    0.00    0.00
11:13:22 PM   20    0.00    0.00    0.00    0.00    0.00    0.00    0.00    0.00    0.00  100.00
11:13:22 PM   21    0.00    0.00    0.00    0.00    0.00    5.05    0.00    0.00    0.00   94.95
11:13:22 PM   22    0.00    0.00    0.00    0.00    0.00    5.05    0.00    0.00    0.00   94.95
11:13:22 PM   23    0.00    0.00    0.00    0.00    0.00    5.05    0.00    0.00    0.00   94.95
11:13:22 PM   24    0.00    0.00    0.00    0.00    0.00    8.25    0.00    0.00    0.00   91.75
11:13:22 PM   25    0.00    0.00    0.00    0.00    0.00    0.00    0.00    0.00    0.00  100.00
11:13:22 PM   26    0.00    0.00    0.00    0.00    0.00    0.00    0.00    0.00    0.00  100.00
11:13:22 PM   27    0.00    0.00    0.00    0.00    0.00    0.00    0.00    0.00    0.00  100.00
11:13:22 PM   28    0.00    0.00    0.00    0.00    0.00    0.00    0.00    0.00    0.00  100.00
11:13:22 PM   29    0.00    0.00    0.00    0.00    0.00    0.00    0.00    0.00    0.00  100.00
11:13:22 PM   30    0.00    0.00    0.00    0.00    0.00    0.00    0.00    0.00    0.00  100.00
11:13:22 PM   31    0.00    0.00    0.00    0.00    0.00    0.00    0.00    0.00    0.00  100.00

11:13:22 PM  CPU    %usr   %nice    %sys %iowait    %irq   %soft  %steal  %guest  %gnice   %idle
11:13:23 PM  all    0.00    0.00   12.53    0.00    0.00    3.82    0.00    0.00    0.00   83.65
11:13:23 PM    0    0.00    0.00  100.00    0.00    0.00    0.00    0.00    0.00    0.00    0.00
11:13:23 PM    1    0.00    0.00  100.00    0.00    0.00    0.00    0.00    0.00    0.00    0.00
11:13:23 PM    2    0.00    0.00  100.00    0.00    0.00    0.00    0.00    0.00    0.00    0.00
11:13:23 PM    3    0.00    0.00  100.00    0.00    0.00    0.00    0.00    0.00    0.00    0.00
11:13:23 PM    4    0.00    0.00    0.00    0.00    0.00    0.00    0.00    0.00    0.00  100.00
11:13:23 PM    5    0.00    0.00    0.00    0.00    0.00    0.00    0.00    0.00    0.00  100.00
11:13:23 PM    6    0.00    0.00    0.00    0.00    0.00    0.00    0.00    0.00    0.00  100.00
11:13:23 PM    7    0.00    0.00    0.00    0.00    0.00    0.00    0.00    0.00    0.00  100.00
11:13:23 PM    8    0.00    0.00    0.00    0.00    0.00    0.00    0.00    0.00    0.00  100.00
11:13:23 PM    9    0.00    0.00    0.00    0.00    0.00    0.00    0.00    0.00    0.00  100.00
11:13:23 PM   10    0.00    0.00    0.00    0.00    0.00    0.00    0.00    0.00    0.00  100.00
11:13:23 PM   11    0.00    0.00    0.00    0.00    0.00    0.00    0.00    0.00    0.00  100.00
11:13:23 PM   12    0.00    0.00    0.00    0.00    0.00    0.00    0.00    0.00    0.00  100.00
11:13:23 PM   13    0.00    0.00    0.00    0.00    0.00    0.00    0.00    0.00    0.00  100.00
11:13:23 PM   14    0.00    0.00    0.00    0.00    0.00    0.00    0.00    0.00    0.00  100.00
11:13:23 PM   15    0.00    0.00    0.00    0.00    0.00    0.00    0.00    0.00    0.00  100.00
11:13:23 PM   16    0.00    0.00    0.00    0.00    0.00    0.00    0.00    0.00    0.00  100.00
11:13:23 PM   17    0.00    0.00    0.00    0.00    0.00    0.00    0.00    0.00    0.00  100.00
11:13:23 PM   18    0.00    0.00    0.00    0.00    0.00    0.00    0.00    0.00    0.00  100.00
11:13:23 PM   19    0.00    0.00    0.00    0.00    0.00  100.00    0.00    0.00    0.00    0.00
11:13:23 PM   20    0.00    0.00    0.00    0.00    0.00    0.00    0.00    0.00    0.00  100.00
11:13:23 PM   21    0.00    0.00    0.00    0.00    0.00    5.10    0.00    0.00    0.00   94.90
11:13:23 PM   22    0.00    0.00    0.00    0.00    0.00    4.08    0.00    0.00    0.00   95.92
11:13:23 PM   23    0.00    0.00    0.00    0.00    0.00    5.05    0.00    0.00    0.00   94.95
11:13:23 PM   24    0.00    0.00    0.00    0.00    0.00    8.16    0.00    0.00    0.00   91.84
11:13:23 PM   25    0.00    0.00    0.00    0.00    0.00    0.00    0.00    0.00    0.00  100.00
11:13:23 PM   26    0.00    0.00    0.00    0.00    0.00    0.00    0.00    0.00    0.00  100.00
11:13:23 PM   27    0.00    0.00    0.00    0.00    0.00    0.00    0.00    0.00    0.00  100.00
11:13:23 PM   28    0.00    0.00    0.00    0.00    0.00    0.00    0.00    0.00    0.00  100.00
11:13:23 PM   29    0.00    0.00    0.00    0.00    0.00    0.00    0.00    0.00    0.00  100.00
11:13:23 PM   30    0.00    0.00    0.00    0.00    0.00    0.00    0.00    0.00    0.00  100.00
11:13:23 PM   31    0.00    0.00    0.00    0.00    0.00    0.00    0.00    0.00    0.00  100.00

11:13:23 PM  CPU    %usr   %nice    %sys %iowait    %irq   %soft  %steal  %guest  %gnice   %idle
11:13:24 PM  all    0.00    0.00   12.52    0.00    0.00    3.85    0.00    0.00    0.00   83.63
11:13:24 PM    0    0.00    0.00  100.00    0.00    0.00    0.00    0.00    0.00    0.00    0.00
11:13:24 PM    1    0.00    0.00  100.00    0.00    0.00    0.00    0.00    0.00    0.00    0.00
11:13:24 PM    2    0.00    0.00  100.00    0.00    0.00    0.00    0.00    0.00    0.00    0.00
11:13:24 PM    3    0.00    0.00  100.00    0.00    0.00    0.00    0.00    0.00    0.00    0.00
11:13:24 PM    4    0.00    0.00    0.00    0.00    0.00    0.00    0.00    0.00    0.00  100.00
11:13:24 PM    5    0.00    0.00    0.00    0.00    0.00    0.00    0.00    0.00    0.00  100.00
11:13:24 PM    6    0.00    0.00    0.00    0.00    0.00    0.00    0.00    0.00    0.00  100.00
11:13:24 PM    7    0.00    0.00    0.00    0.00    0.00    0.00    0.00    0.00    0.00  100.00
11:13:24 PM    8    0.00    0.00    0.00    0.00    0.00    0.00    0.00    0.00    0.00  100.00
11:13:24 PM    9    0.00    0.00    0.00    0.00    0.00    0.00    0.00    0.00    0.00  100.00
11:13:24 PM   10    0.00    0.00    0.00    0.00    0.00    0.00    0.00    0.00    0.00  100.00
11:13:24 PM   11    0.00    0.00    0.00    0.00    0.00    0.00    0.00    0.00    0.00  100.00
11:13:24 PM   12    0.00    0.00    0.00    0.00    0.00    0.00    0.00    0.00    0.00  100.00
11:13:24 PM   13    0.00    0.00    0.00    0.00    0.00    0.00    0.00    0.00    0.00  100.00
11:13:24 PM   14    0.00    0.00    0.00    0.00    0.00    0.00    0.00    0.00    0.00  100.00
11:13:24 PM   15    0.00    0.00    0.00    0.00    0.00    0.00    0.00    0.00    0.00  100.00
11:13:24 PM   16    0.00    0.00    0.00    0.00    0.00    0.00    0.00    0.00    0.00  100.00
11:13:24 PM   17    0.00    0.00    0.00    0.00    0.00    0.00    0.00    0.00    0.00  100.00
11:13:24 PM   18    0.00    0.00    0.00    0.00    0.00    0.00    0.00    0.00    0.00  100.00
11:13:24 PM   19    0.00    0.00    0.00    0.00    0.00   99.01    0.00    0.00    0.00    0.99
11:13:24 PM   20    0.00    0.00    0.00    0.00    0.00    0.00    0.00    0.00    0.00  100.00
11:13:24 PM   21    0.00    0.00    0.00    0.00    0.00    6.00    0.00    0.00    0.00   94.00
11:13:24 PM   22    0.00    0.00    0.00    0.00    0.00    5.05    0.00    0.00    0.00   94.95
11:13:24 PM   23    0.00    0.00    0.00    0.00    0.00    4.08    0.00    0.00    0.00   95.92
11:13:24 PM   24    0.00    0.00    0.00    0.00    0.00    8.16    0.00    0.00    0.00   91.84
11:13:24 PM   25    0.00    0.00    0.00    0.00    0.00    0.00    0.00    0.00    0.00  100.00
11:13:24 PM   26    0.00    0.00    0.00    0.00    0.00    0.00    0.00    0.00    0.00  100.00
11:13:24 PM   27    0.00    0.00    0.00    0.00    0.00    0.00    0.00    0.00    0.00  100.00
11:13:24 PM   28    0.00    0.00    0.00    0.00    0.00    0.00    0.00    0.00    0.00  100.00
11:13:24 PM   29    0.00    0.00    0.00    0.00    0.00    0.00    0.00    0.00    0.00  100.00
11:13:24 PM   30    0.00    0.00    0.00    0.00    0.00    0.00    0.00    0.00    0.00  100.00
11:13:24 PM   31    0.00    0.00    0.00    0.00    0.00    0.00    0.00    0.00    0.00  100.00

11:13:24 PM  CPU    %usr   %nice    %sys %iowait    %irq   %soft  %steal  %guest  %gnice   %idle
11:13:25 PM  all    0.00    0.00   12.52    0.00    0.00    3.91    0.00    0.00    0.00   83.56
11:13:25 PM    0    0.00    0.00  100.00    0.00    0.00    0.00    0.00    0.00    0.00    0.00
11:13:25 PM    1    0.00    0.00  100.00    0.00    0.00    0.00    0.00    0.00    0.00    0.00
11:13:25 PM    2    0.00    0.00  100.00    0.00    0.00    0.00    0.00    0.00    0.00    0.00
11:13:25 PM    3    0.00    0.00  100.00    0.00    0.00    0.00    0.00    0.00    0.00    0.00
11:13:25 PM    4    0.00    0.00    0.00    0.00    0.00    0.00    0.00    0.00    0.00  100.00
11:13:25 PM    5    0.00    0.00    0.00    0.00    0.00    0.00    0.00    0.00    0.00  100.00
11:13:25 PM    6    0.00    0.00    0.00    0.00    0.00    0.00    0.00    0.00    0.00  100.00
11:13:25 PM    7    0.00    0.00    0.00    0.00    0.00    0.00    0.00    0.00    0.00  100.00
11:13:25 PM    8    0.00    0.00    0.00    0.00    0.00    0.00    0.00    0.00    0.00  100.00
11:13:25 PM    9    0.00    0.00    0.00    0.00    0.00    0.00    0.00    0.00    0.00  100.00
11:13:25 PM   10    0.00    0.00    0.00    0.00    0.00    0.00    0.00    0.00    0.00  100.00
11:13:25 PM   11    0.00    0.00    0.00    0.00    0.00    0.00    0.00    0.00    0.00  100.00
11:13:25 PM   12    0.00    0.00    0.00    0.00    0.00    0.00    0.00    0.00    0.00  100.00
11:13:25 PM   13    0.00    0.00    0.00    0.00    0.00    0.00    0.00    0.00    0.00  100.00
11:13:25 PM   14    0.00    0.00    0.00    0.00    0.00    0.00    0.00    0.00    0.00  100.00
11:13:25 PM   15    0.00    0.00    0.00    0.00    0.00    0.00    0.00    0.00    0.00  100.00
11:13:25 PM   16    0.00    0.00    0.00    0.00    0.00    0.00    0.00    0.00    0.00  100.00
11:13:25 PM   17    0.00    0.00    0.00    0.00    0.00    0.00    0.00    0.00    0.00  100.00
11:13:25 PM   18    0.00    0.00    0.00    0.00    0.00    0.00    0.00    0.00    0.00  100.00
11:13:25 PM   19    0.00    0.00    0.00    0.00    0.00  100.00    0.00    0.00    0.00    0.00
11:13:25 PM   20    0.00    0.00    0.00    0.00    0.00    0.00    0.00    0.00    0.00  100.00
11:13:25 PM   21    0.00    0.00    0.00    0.00    0.00    6.00    0.00    0.00    0.00   94.00
11:13:25 PM   22    0.00    0.00    0.00    0.00    0.00    5.10    0.00    0.00    0.00   94.90
11:13:25 PM   23    0.00    0.00    0.00    0.00    0.00    5.05    0.00    0.00    0.00   94.95
11:13:25 PM   24    0.00    0.00    0.00    0.00    0.00    9.18    0.00    0.00    0.00   90.82
11:13:25 PM   25    0.00    0.00    0.00    0.00    0.00    0.00    0.00    0.00    0.00  100.00
11:13:25 PM   26    0.00    0.00    0.00    0.00    0.00    0.00    0.00    0.00    0.00  100.00
11:13:25 PM   27    0.00    0.00    0.00    0.00    0.00    0.00    0.00    0.00    0.00  100.00
11:13:25 PM   28    0.00    0.00    0.00    0.00    0.00    0.00    0.00    0.00    0.00  100.00
11:13:25 PM   29    0.00    0.00    0.00    0.00    0.00    0.00    0.00    0.00    0.00  100.00
11:13:25 PM   30    0.00    0.00    0.00    0.00    0.00    0.00    0.00    0.00    0.00  100.00
11:13:25 PM   31    0.00    0.00    0.00    0.00    0.00    0.00    0.00    0.00    0.00  100.00

11:13:25 PM  CPU    %usr   %nice    %sys %iowait    %irq   %soft  %steal  %guest  %gnice   %idle
11:13:26 PM  all    0.00    0.00   12.52    0.00    0.00    3.85    0.00    0.00    0.00   83.63
11:13:26 PM    0    0.00    0.00  100.00    0.00    0.00    0.00    0.00    0.00    0.00    0.00
11:13:26 PM    1    0.00    0.00  100.00    0.00    0.00    0.00    0.00    0.00    0.00    0.00
11:13:26 PM    2    0.00    0.00  100.00    0.00    0.00    0.00    0.00    0.00    0.00    0.00
11:13:26 PM    3    0.00    0.00  100.00    0.00    0.00    0.00    0.00    0.00    0.00    0.00
11:13:26 PM    4    0.00    0.00    0.00    0.00    0.00    0.00    0.00    0.00    0.00  100.00
11:13:26 PM    5    0.00    0.00    0.00    0.00    0.00    0.00    0.00    0.00    0.00  100.00
11:13:26 PM    6    0.00    0.00    0.00    0.00    0.00    0.00    0.00    0.00    0.00  100.00
11:13:26 PM    7    0.00    0.00    0.00    0.00    0.00    0.00    0.00    0.00    0.00  100.00
11:13:26 PM    8    0.00    0.00    0.00    0.00    0.00    0.00    0.00    0.00    0.00  100.00
11:13:26 PM    9    0.00    0.00    0.00    0.00    0.00    0.00    0.00    0.00    0.00  100.00
11:13:26 PM   10    0.00    0.00    0.00    0.00    0.00    0.00    0.00    0.00    0.00  100.00
11:13:26 PM   11    0.00    0.00    0.00    0.00    0.00    0.00    0.00    0.00    0.00  100.00
11:13:26 PM   12    0.00    0.00    0.00    0.00    0.00    0.00    0.00    0.00    0.00  100.00
11:13:26 PM   13    0.00    0.00    0.00    0.00    0.00    0.00    0.00    0.00    0.00  100.00
11:13:26 PM   14    0.00    0.00    0.00    0.00    0.00    0.00    0.00    0.00    0.00  100.00
11:13:26 PM   15    0.00    0.00    0.00    0.00    0.00    0.00    0.00    0.00    0.00  100.00
11:13:26 PM   16    0.00    0.00    0.00    0.00    0.00    0.00    0.00    0.00    0.00  100.00
11:13:26 PM   17    0.00    0.00    0.00    0.00    0.00    0.00    0.00    0.00    0.00  100.00
11:13:26 PM   18    0.00    0.00    0.00    0.00    0.00    0.00    0.00    0.00    0.00  100.00
11:13:26 PM   19    0.00    0.00    0.00    0.00    0.00  100.00    0.00    0.00    0.00    0.00
11:13:26 PM   20    0.00    0.00    0.00    0.00    0.00    0.00    0.00    0.00    0.00  100.00
11:13:26 PM   21    0.00    0.00    0.00    0.00    0.00    5.05    0.00    0.00    0.00   94.95
11:13:26 PM   22    0.00    0.00    0.00    0.00    0.00    5.05    0.00    0.00    0.00   94.95
11:13:26 PM   23    0.00    0.00    0.00    0.00    0.00    6.00    0.00    0.00    0.00   94.00
11:13:26 PM   24    0.00    0.00    0.00    0.00    0.00    7.22    0.00    0.00    0.00   92.78
11:13:26 PM   25    0.00    0.00    0.00    0.00    0.00    0.00    0.00    0.00    0.00  100.00
11:13:26 PM   26    0.00    0.00    0.00    0.00    0.00    0.00    0.00    0.00    0.00  100.00
11:13:26 PM   27    0.00    0.00    0.00    0.00    0.00    0.00    0.00    0.00    0.00  100.00
11:13:26 PM   28    0.00    0.00    0.00    0.00    0.00    0.00    0.00    0.00    0.00  100.00
11:13:26 PM   29    0.00    0.00    0.00    0.00    0.00    0.00    0.00    0.00    0.00  100.00
11:13:26 PM   30    0.00    0.00    0.00    0.00    0.00    0.00    0.00    0.00    0.00  100.00
11:13:26 PM   31    0.00    0.00    0.00    0.00    0.00    0.00    0.00    0.00    0.00  100.00

11:13:26 PM  CPU    %usr   %nice    %sys %iowait    %irq   %soft  %steal  %guest  %gnice   %idle
11:13:27 PM  all    0.00    0.00   12.53    0.00    0.00    3.82    0.00    0.00    0.00   83.65
11:13:27 PM    0    0.00    0.00  100.00    0.00    0.00    0.00    0.00    0.00    0.00    0.00
11:13:27 PM    1    0.00    0.00  100.00    0.00    0.00    0.00    0.00    0.00    0.00    0.00
11:13:27 PM    2    0.00    0.00  100.00    0.00    0.00    0.00    0.00    0.00    0.00    0.00
11:13:27 PM    3    0.00    0.00  100.00    0.00    0.00    0.00    0.00    0.00    0.00    0.00
11:13:27 PM    4    0.00    0.00    0.00    0.00    0.00    0.00    0.00    0.00    0.00  100.00
11:13:27 PM    5    0.00    0.00    0.00    0.00    0.00    0.00    0.00    0.00    0.00  100.00
11:13:27 PM    6    0.00    0.00    0.00    0.00    0.00    0.00    0.00    0.00    0.00  100.00
11:13:27 PM    7    0.00    0.00    0.00    0.00    0.00    0.00    0.00    0.00    0.00  100.00
11:13:27 PM    8    0.00    0.00    0.00    0.00    0.00    0.00    0.00    0.00    0.00  100.00
11:13:27 PM    9    0.00    0.00    0.00    0.00    0.00    0.00    0.00    0.00    0.00  100.00
11:13:27 PM   10    0.00    0.00    0.00    0.00    0.00    0.00    0.00    0.00    0.00  100.00
11:13:27 PM   11    0.00    0.00    0.00    0.00    0.00    0.00    0.00    0.00    0.00  100.00
11:13:27 PM   12    0.00    0.00    0.00    0.00    0.00    0.00    0.00    0.00    0.00  100.00
11:13:27 PM   13    0.00    0.00    0.00    0.00    0.00    0.00    0.00    0.00    0.00  100.00
11:13:27 PM   14    0.00    0.00    0.00    0.00    0.00    0.00    0.00    0.00    0.00  100.00
11:13:27 PM   15    0.00    0.00    0.00    0.00    0.00    0.00    0.00    0.00    0.00  100.00
11:13:27 PM   16    0.00    0.00    0.00    0.00    0.00    0.00    0.00    0.00    0.00  100.00
11:13:27 PM   17    0.00    0.00    0.00    0.00    0.00    0.00    0.00    0.00    0.00  100.00
11:13:27 PM   18    0.00    0.00    0.00    0.00    0.00    0.00    0.00    0.00    0.00  100.00
11:13:27 PM   19    0.00    0.00    0.00    0.00    0.00  100.00    0.00    0.00    0.00    0.00
11:13:27 PM   20    0.00    0.00    0.00    0.00    0.00    0.00    0.00    0.00    0.00  100.00
11:13:27 PM   21    0.00    0.00    0.00    0.00    0.00    5.05    0.00    0.00    0.00   94.95
11:13:27 PM   22    0.00    0.00    0.00    0.00    0.00    3.09    0.00    0.00    0.00   96.91
11:13:27 PM   23    0.00    0.00    0.00    0.00    0.00    5.05    0.00    0.00    0.00   94.95
11:13:27 PM   24    0.00    0.00    0.00    0.00    0.00    8.16    0.00    0.00    0.00   91.84
11:13:27 PM   25    0.00    0.00    0.00    0.00    0.00    0.00    0.00    0.00    0.00  100.00
11:13:27 PM   26    0.00    0.00    0.00    0.00    0.00    0.00    0.00    0.00    0.00  100.00
11:13:27 PM   27    0.00    0.00    0.00    0.00    0.00    0.00    0.00    0.00    0.00  100.00
11:13:27 PM   28    0.00    0.00    0.00    0.00    0.00    0.00    0.00    0.00    0.00  100.00
11:13:27 PM   29    0.00    0.00    0.00    0.00    0.00    0.00    0.00    0.00    0.00  100.00
11:13:27 PM   30    0.00    0.00    0.00    0.00    0.00    0.99    0.00    0.00    0.00   99.01
11:13:27 PM   31    0.00    0.00    0.00    0.00    0.00    0.00    0.00    0.00    0.00  100.00

11:13:27 PM  CPU    %usr   %nice    %sys %iowait    %irq   %soft  %steal  %guest  %gnice   %idle
11:13:28 PM  all    0.00    0.00   12.55    0.00    0.00    3.91    0.00    0.00    0.00   83.54
11:13:28 PM    0    0.00    0.00  100.00    0.00    0.00    0.00    0.00    0.00    0.00    0.00
11:13:28 PM    1    0.00    0.00  100.00    0.00    0.00    0.00    0.00    0.00    0.00    0.00
11:13:28 PM    2    0.00    0.00  100.00    0.00    0.00    0.00    0.00    0.00    0.00    0.00
11:13:28 PM    3    0.00    0.00  100.00    0.00    0.00    0.00    0.00    0.00    0.00    0.00
11:13:28 PM    4    0.00    0.00    0.00    0.00    0.00    0.00    0.00    0.00    0.00  100.00
11:13:28 PM    5    0.00    0.00    0.00    0.00    0.00    0.00    0.00    0.00    0.00  100.00
11:13:28 PM    6    0.00    0.00    0.00    0.00    0.00    0.00    0.00    0.00    0.00  100.00
11:13:28 PM    7    0.00    0.00    0.00    0.00    0.00    0.00    0.00    0.00    0.00  100.00
11:13:28 PM    8    0.00    0.00    0.00    0.00    0.00    0.00    0.00    0.00    0.00  100.00
11:13:28 PM    9    0.00    0.00    0.00    0.00    0.00    0.00    0.00    0.00    0.00  100.00
11:13:28 PM   10    0.00    0.00    0.00    0.00    0.00    0.00    0.00    0.00    0.00  100.00
11:13:28 PM   11    0.00    0.00    0.00    0.00    0.00    0.00    0.00    0.00    0.00  100.00
11:13:28 PM   12    0.00    0.00    0.00    0.00    0.00    0.00    0.00    0.00    0.00  100.00
11:13:28 PM   13    0.00    0.00    0.00    0.00    0.00    0.00    0.00    0.00    0.00  100.00
11:13:28 PM   14    0.00    0.00    0.00    0.00    0.00    0.00    0.00    0.00    0.00  100.00
11:13:28 PM   15    0.00    0.00    0.00    0.00    0.00    0.00    0.00    0.00    0.00  100.00
11:13:28 PM   16    0.00    0.00    0.00    0.00    0.00    0.00    0.00    0.00    0.00  100.00
11:13:28 PM   17    0.00    0.00    0.00    0.00    0.00    0.00    0.00    0.00    0.00  100.00
11:13:28 PM   18    0.00    0.00    0.00    0.00    0.00    0.00    0.00    0.00    0.00  100.00
11:13:28 PM   19    0.00    0.00    0.99    0.00    0.00   99.01    0.00    0.00    0.00    0.00
11:13:28 PM   20    0.00    0.00    0.00    0.00    0.00    0.00    0.00    0.00    0.00  100.00
11:13:28 PM   21    0.00    0.00    0.00    0.00    0.00    6.00    0.00    0.00    0.00   94.00
11:13:28 PM   22    0.00    0.00    0.00    0.00    0.00    5.05    0.00    0.00    0.00   94.95
11:13:28 PM   23    0.00    0.00    0.00    0.00    0.00    6.00    0.00    0.00    0.00   94.00
11:13:28 PM   24    0.00    0.00    0.00    0.00    0.00    8.25    0.00    0.00    0.00   91.75
11:13:28 PM   25    0.00    0.00    0.00    0.00    0.00    0.00    0.00    0.00    0.00  100.00
11:13:28 PM   26    0.00    0.00    0.00    0.00    0.00    0.00    0.00    0.00    0.00  100.00
11:13:28 PM   27    0.00    0.00    0.00    0.00    0.00    0.00    0.00    0.00    0.00  100.00
11:13:28 PM   28    0.00    0.00    0.00    0.00    0.00    0.00    0.00    0.00    0.00  100.00
11:13:28 PM   29    0.00    0.00    0.00    0.00    0.00    0.00    0.00    0.00    0.00  100.00
11:13:28 PM   30    0.00    0.00    0.00    0.00    0.00    0.00    0.00    0.00    0.00  100.00
11:13:28 PM   31    0.00    0.00    0.00    0.00    0.00    0.00    0.00    0.00    0.00  100.00

11:13:28 PM  CPU    %usr   %nice    %sys %iowait    %irq   %soft  %steal  %guest  %gnice   %idle
11:13:29 PM  all    0.00    0.00   12.51    0.00    0.00    3.94    0.00    0.00    0.00   83.55
11:13:29 PM    0    0.00    0.00  100.00    0.00    0.00    0.00    0.00    0.00    0.00    0.00
11:13:29 PM    1    0.00    0.00  100.00    0.00    0.00    0.00    0.00    0.00    0.00    0.00
11:13:29 PM    2    0.00    0.00  100.00    0.00    0.00    0.00    0.00    0.00    0.00    0.00
11:13:29 PM    3    0.00    0.00  100.00    0.00    0.00    0.00    0.00    0.00    0.00    0.00
11:13:29 PM    4    0.00    0.00    0.00    0.00    0.00    0.00    0.00    0.00    0.00  100.00
11:13:29 PM    5    0.00    0.00    0.00    0.00    0.00    0.00    0.00    0.00    0.00  100.00
11:13:29 PM    6    0.00    0.00    0.00    0.00    0.00    0.00    0.00    0.00    0.00  100.00
11:13:29 PM    7    0.00    0.00    0.00    0.00    0.00    0.00    0.00    0.00    0.00  100.00
11:13:29 PM    8    0.00    0.00    0.00    0.00    0.00    0.00    0.00    0.00    0.00  100.00
11:13:29 PM    9    0.00    0.00    0.00    0.00    0.00    0.00    0.00    0.00    0.00  100.00
11:13:29 PM   10    0.00    0.00    0.00    0.00    0.00    0.00    0.00    0.00    0.00  100.00
11:13:29 PM   11    0.00    0.00    0.00    0.00    0.00    0.00    0.00    0.00    0.00  100.00
11:13:29 PM   12    0.00    0.00    0.00    0.00    0.00    0.00    0.00    0.00    0.00  100.00
11:13:29 PM   13    0.00    0.00    0.00    0.00    0.00    0.00    0.00    0.00    0.00  100.00
11:13:29 PM   14    0.00    0.00    0.00    0.00    0.00    0.00    0.00    0.00    0.00  100.00
11:13:29 PM   15    0.00    0.00    0.00    0.00    0.00    0.00    0.00    0.00    0.00  100.00
11:13:29 PM   16    0.00    0.00    0.00    0.00    0.00    0.00    0.00    0.00    0.00  100.00
11:13:29 PM   17    0.00    0.00    0.00    0.00    0.00    0.00    0.00    0.00    0.00  100.00
11:13:29 PM   18    0.00    0.00    0.00    0.00    0.00    0.00    0.00    0.00    0.00  100.00
11:13:29 PM   19    0.00    0.00    0.00    0.00    0.00  100.00    0.00    0.00    0.00    0.00
11:13:29 PM   20    0.00    0.00    0.00    0.00    0.00    0.00    0.00    0.00    0.00  100.00
11:13:29 PM   21    0.00    0.00    0.00    0.00    0.00    6.93    0.00    0.00    0.00   93.07
11:13:29 PM   22    0.00    0.00    0.00    0.00    0.00    6.00    0.00    0.00    0.00   94.00
11:13:29 PM   23    0.00    0.00    0.00    0.00    0.00    5.05    0.00    0.00    0.00   94.95
11:13:29 PM   24    0.00    0.00    0.00    0.00    0.00    8.16    0.00    0.00    0.00   91.84
11:13:29 PM   25    0.00    0.00    0.00    0.00    0.00    0.00    0.00    0.00    0.00  100.00
11:13:29 PM   26    0.00    0.00    0.00    0.00    0.00    0.00    0.00    0.00    0.00  100.00
11:13:29 PM   27    0.00    0.00    0.00    0.00    0.00    0.00    0.00    0.00    0.00  100.00
11:13:29 PM   28    0.00    0.00    0.00    0.00    0.00    0.00    0.00    0.00    0.00  100.00
11:13:29 PM   29    0.00    0.00    0.00    0.00    0.00    0.00    0.00    0.00    0.00  100.00
11:13:29 PM   30    0.00    0.00    0.00    0.00    0.00    0.00    0.00    0.00    0.00  100.00
11:13:29 PM   31    0.00    0.00    0.00    0.00    0.00    0.00    0.00    0.00    0.00  100.00

11:13:29 PM  CPU    %usr   %nice    %sys %iowait    %irq   %soft  %steal  %guest  %gnice   %idle
11:13:30 PM  all    0.00    0.00   12.53    0.00    0.00    3.85    0.00    0.00    0.00   83.62
11:13:30 PM    0    0.00    0.00  100.00    0.00    0.00    0.00    0.00    0.00    0.00    0.00
11:13:30 PM    1    0.00    0.00  100.00    0.00    0.00    0.00    0.00    0.00    0.00    0.00
11:13:30 PM    2    0.00    0.00  100.00    0.00    0.00    0.00    0.00    0.00    0.00    0.00
11:13:30 PM    3    0.00    0.00  100.00    0.00    0.00    0.00    0.00    0.00    0.00    0.00
11:13:30 PM    4    0.00    0.00    0.00    0.00    0.00    0.00    0.00    0.00    0.00  100.00
11:13:30 PM    5    0.00    0.00    0.00    0.00    0.00    0.00    0.00    0.00    0.00  100.00
11:13:30 PM    6    0.00    0.00    0.00    0.00    0.00    0.00    0.00    0.00    0.00  100.00
11:13:30 PM    7    0.00    0.00    0.00    0.00    0.00    0.00    0.00    0.00    0.00  100.00
11:13:30 PM    8    0.00    0.00    0.00    0.00    0.00    0.00    0.00    0.00    0.00  100.00
11:13:30 PM    9    0.00    0.00    0.00    0.00    0.00    0.00    0.00    0.00    0.00  100.00
11:13:30 PM   10    0.00    0.00    0.00    0.00    0.00    0.00    0.00    0.00    0.00  100.00
11:13:30 PM   11    0.00    0.00    0.00    0.00    0.00    0.00    0.00    0.00    0.00  100.00
11:13:30 PM   12    0.00    0.00    0.00    0.00    0.00    0.00    0.00    0.00    0.00  100.00
11:13:30 PM   13    0.00    0.00    0.00    0.00    0.00    0.00    0.00    0.00    0.00  100.00
11:13:30 PM   14    0.00    0.00    0.00    0.00    0.00    0.00    0.00    0.00    0.00  100.00
11:13:30 PM   15    0.00    0.00    0.00    0.00    0.00    0.00    0.00    0.00    0.00  100.00
11:13:30 PM   16    0.00    0.00    0.00    0.00    0.00    0.00    0.00    0.00    0.00  100.00
11:13:30 PM   17    0.00    0.00    0.00    0.00    0.00    0.00    0.00    0.00    0.00  100.00
11:13:30 PM   18    0.00    0.00    0.00    0.00    0.00    0.00    0.00    0.00    0.00  100.00
11:13:30 PM   19    0.00    0.00    0.00    0.00    0.00  100.00    0.00    0.00    0.00    0.00
11:13:30 PM   20    0.00    0.00    0.00    0.00    0.00    0.00    0.00    0.00    0.00  100.00
11:13:30 PM   21    0.00    0.00    0.00    0.00    0.00    6.00    0.00    0.00    0.00   94.00
11:13:30 PM   22    0.00    0.00    0.00    0.00    0.00    4.12    0.00    0.00    0.00   95.88
11:13:30 PM   23    0.00    0.00    0.00    0.00    0.00    5.05    0.00    0.00    0.00   94.95
11:13:30 PM   24    0.00    0.00    0.00    0.00    0.00    8.25    0.00    0.00    0.00   91.75
11:13:30 PM   25    0.00    0.00    0.00    0.00    0.00    0.00    0.00    0.00    0.00  100.00
11:13:30 PM   26    0.00    0.00    0.00    0.00    0.00    0.00    0.00    0.00    0.00  100.00
11:13:30 PM   27    0.00    0.00    0.00    0.00    0.00    0.00    0.00    0.00    0.00  100.00
11:13:30 PM   28    0.00    0.00    0.00    0.00    0.00    0.00    0.00    0.00    0.00  100.00
11:13:30 PM   29    0.00    0.00    0.00    0.00    0.00    0.00    0.00    0.00    0.00  100.00
11:13:30 PM   30    0.00    0.00    0.00    0.00    0.00    0.00    0.00    0.00    0.00  100.00
11:13:30 PM   31    0.00    0.00    0.00    0.00    0.00    0.00    0.00    0.00    0.00  100.00

11:13:30 PM  CPU    %usr   %nice    %sys %iowait    %irq   %soft  %steal  %guest  %gnice   %idle
11:13:31 PM  all    0.00    0.00   12.55    0.00    0.00    3.82    0.00    0.00    0.00   83.63
11:13:31 PM    0    0.00    0.00  100.00    0.00    0.00    0.00    0.00    0.00    0.00    0.00
11:13:31 PM    1    0.00    0.00  100.00    0.00    0.00    0.00    0.00    0.00    0.00    0.00
11:13:31 PM    2    0.00    0.00  100.00    0.00    0.00    0.00    0.00    0.00    0.00    0.00
11:13:31 PM    3    0.00    0.00  100.00    0.00    0.00    0.00    0.00    0.00    0.00    0.00
11:13:31 PM    4    0.00    0.00    0.00    0.00    0.00    0.00    0.00    0.00    0.00  100.00
11:13:31 PM    5    0.00    0.00    0.00    0.00    0.00    0.00    0.00    0.00    0.00  100.00
11:13:31 PM    6    0.00    0.00    0.00    0.00    0.00    0.00    0.00    0.00    0.00  100.00
11:13:31 PM    7    0.00    0.00    0.00    0.00    0.00    0.00    0.00    0.00    0.00  100.00
11:13:31 PM    8    0.00    0.00    0.00    0.00    0.00    0.00    0.00    0.00    0.00  100.00
11:13:31 PM    9    0.00    0.00    0.00    0.00    0.00    0.00    0.00    0.00    0.00  100.00
11:13:31 PM   10    0.00    0.00    0.00    0.00    0.00    0.00    0.00    0.00    0.00  100.00
11:13:31 PM   11    0.00    0.00    0.00    0.00    0.00    0.00    0.00    0.00    0.00  100.00
11:13:31 PM   12    0.00    0.00    0.00    0.00    0.00    0.00    0.00    0.00    0.00  100.00
11:13:31 PM   13    0.00    0.00    0.99    0.00    0.00    0.00    0.00    0.00    0.00   99.01
11:13:31 PM   14    0.00    0.00    0.00    0.00    0.00    0.00    0.00    0.00    0.00  100.00
11:13:31 PM   15    0.00    0.00    0.00    0.00    0.00    0.00    0.00    0.00    0.00  100.00
11:13:31 PM   16    0.00    0.00    0.00    0.00    0.00    0.00    0.00    0.00    0.00  100.00
11:13:31 PM   17    0.00    0.00    0.00    0.00    0.00    0.00    0.00    0.00    0.00  100.00
11:13:31 PM   18    0.00    0.00    0.00    0.00    0.00    0.00    0.00    0.00    0.00  100.00
11:13:31 PM   19    0.00    0.00    0.00    0.00    0.00  100.00    0.00    0.00    0.00    0.00
11:13:31 PM   20    0.00    0.00    0.00    0.00    0.00    0.00    0.00    0.00    0.00  100.00
11:13:31 PM   21    0.00    0.00    0.00    0.00    0.00    5.10    0.00    0.00    0.00   94.90
11:13:31 PM   22    0.00    0.00    0.00    0.00    0.00    5.05    0.00    0.00    0.00   94.95
11:13:31 PM   23    0.00    0.00    0.00    0.00    0.00    4.08    0.00    0.00    0.00   95.92
11:13:31 PM   24    0.00    0.00    0.00    0.00    0.00    8.16    0.00    0.00    0.00   91.84
11:13:31 PM   25    0.00    0.00    0.00    0.00    0.00    0.00    0.00    0.00    0.00  100.00
11:13:31 PM   26    0.00    0.00    0.00    0.00    0.00    0.00    0.00    0.00    0.00  100.00
11:13:31 PM   27    0.00    0.00    0.00    0.00    0.00    0.00    0.00    0.00    0.00  100.00
11:13:31 PM   28    0.00    0.00    0.00    0.00    0.00    0.00    0.00    0.00    0.00  100.00
11:13:31 PM   29    0.00    0.00    0.00    0.00    0.00    0.00    0.00    0.00    0.00  100.00
11:13:31 PM   30    0.00    0.00    0.00    0.00    0.00    0.00    0.00    0.00    0.00  100.00
11:13:31 PM   31    0.00    0.00    0.00    0.00    0.00    0.00    0.00    0.00    0.00  100.00

Average:     CPU    %usr   %nice    %sys %iowait    %irq   %soft  %steal  %guest  %gnice   %idle
Average:     all    0.00    0.00   12.51    0.00    0.00    3.84    0.00    0.00    0.00   83.65
Average:       0    0.00    0.00   99.83    0.00    0.00    0.00    0.00    0.00    0.00    0.17
Average:       1    0.00    0.00   99.83    0.00    0.00    0.00    0.00    0.00    0.00    0.17
Average:       2    0.00    0.00   99.83    0.00    0.00    0.00    0.00    0.00    0.00    0.17
Average:       3    0.00    0.00   99.83    0.00    0.00    0.00    0.00    0.00    0.00    0.17
Average:       4    0.00    0.00    0.00    0.00    0.00    0.08    0.00    0.00    0.00   99.92
Average:       5    0.00    0.00    0.00    0.00    0.00    0.00    0.00    0.00    0.00  100.00
Average:       6    0.00    0.00    0.00    0.00    0.00    0.00    0.00    0.00    0.00  100.00
Average:       7    0.00    0.00    0.00    0.00    0.00    0.00    0.00    0.00    0.00  100.00
Average:       8    0.00    0.00    0.00    0.00    0.00    0.00    0.00    0.00    0.00  100.00
Average:       9    0.00    0.00    0.00    0.00    0.00    0.00    0.00    0.00    0.00  100.00
Average:      10    0.00    0.00    0.00    0.00    0.00    0.00    0.00    0.00    0.00  100.00
Average:      11    0.00    0.00    0.08    0.00    0.00    0.00    0.00    0.00    0.00   99.92
Average:      12    0.00    0.00    0.08    0.00    0.00    0.00    0.00    0.00    0.00   99.92
Average:      13    0.00    0.00    0.08    0.00    0.00    0.00    0.00    0.00    0.00   99.92
Average:      14    0.00    0.00    0.00    0.00    0.00    0.00    0.00    0.00    0.00  100.00
Average:      15    0.00    0.00    0.00    0.00    0.00    0.00    0.00    0.00    0.00  100.00
Average:      16    0.00    0.00    0.00    0.00    0.00    0.00    0.00    0.00    0.00  100.00
Average:      17    0.00    0.00    0.00    0.00    0.00    0.00    0.00    0.00    0.00  100.00
Average:      18    0.00    0.00    0.00    0.00    0.00    0.00    0.00    0.00    0.00  100.00
Average:      19    0.00    0.00    0.08    0.00    0.00   99.67    0.00    0.00    0.00    0.25
Average:      20    0.00    0.00    0.00    0.00    0.00    0.00    0.00    0.00    0.00  100.00
Average:      21    0.00    0.00    0.00    0.00    0.00    5.71    0.00    0.00    0.00   94.29
Average:      22    0.00    0.00    0.00    0.00    0.00    5.00    0.00    0.00    0.00   95.00
Average:      23    0.00    0.00    0.00    0.00    0.00    4.80    0.00    0.00    0.00   95.20
Average:      24    0.00    0.00    0.00    0.00    0.00    7.59    0.00    0.00    0.00   92.41
Average:      25    0.00    0.00    0.00    0.00    0.00    0.00    0.00    0.00    0.00  100.00
Average:      26    0.00    0.00    0.00    0.00    0.00    0.00    0.00    0.00    0.00  100.00
Average:      27    0.00    0.00    0.00    0.00    0.00    0.00    0.00    0.00    0.00  100.00
Average:      28    0.00    0.00    0.00    0.00    0.00    0.00    0.00    0.00    0.00  100.00
Average:      29    0.00    0.00    0.00    0.00    0.00    0.00    0.00    0.00    0.00  100.00
Average:      30    0.00    0.00    0.00    0.00    0.00    0.08    0.00    0.00    0.00   99.92
Average:      31    0.00    0.00    0.00    0.00    0.00    0.00    0.00    0.00    0.00  100.00
