Linux 7.0.0-22-generic (ms-a2-gateway) 	06/08/2026 	_x86_64_	(32 CPU)

11:17:27 PM  CPU    %usr   %nice    %sys %iowait    %irq   %soft  %steal  %guest  %gnice   %idle
11:17:28 PM  all    0.00    0.00   12.26    0.03    0.00    4.49    0.00    0.00    0.00   83.23
11:17:28 PM    0    0.00    0.00   97.98    0.00    0.00    0.00    0.00    0.00    0.00    2.02
11:17:28 PM    1    0.00    0.00   97.98    0.00    0.00    0.00    0.00    0.00    0.00    2.02
11:17:28 PM    2    0.00    0.00   97.00    0.00    0.00    0.00    0.00    0.00    0.00    3.00
11:17:28 PM    3    0.00    0.00   97.98    0.00    0.00    0.00    0.00    0.00    0.00    2.02
11:17:28 PM    4    0.00    0.00    0.00    0.00    0.00    5.71    0.00    0.00    0.00   94.29
11:17:28 PM    5    0.00    0.00    0.00    0.00    0.00    0.00    0.00    0.00    0.00  100.00
11:17:28 PM    6    0.00    0.00    0.00    0.00    0.00    0.00    0.00    0.00    0.00  100.00
11:17:28 PM    7    0.00    0.00    0.00    0.00    0.00    0.00    0.00    0.00    0.00  100.00
11:17:28 PM    8    0.00    0.00    0.00    0.00    0.00    0.00    0.00    0.00    0.00  100.00
11:17:28 PM    9    0.00    0.00    0.00    0.00    0.00    0.00    0.00    0.00    0.00  100.00
11:17:28 PM   10    0.00    0.00    0.00    0.00    0.00    0.00    0.00    0.00    0.00  100.00
11:17:28 PM   11    0.00    0.00    0.00    0.00    0.00    0.00    0.00    0.00    0.00  100.00
11:17:28 PM   12    0.00    0.00    0.00    0.00    0.00    0.00    0.00    0.00    0.00  100.00
11:17:28 PM   13    0.00    0.00    0.00    0.00    0.00    0.00    0.00    0.00    0.00  100.00
11:17:28 PM   14    0.00    0.00    0.00    0.00    0.00    0.00    0.00    0.00    0.00  100.00
11:17:28 PM   15    0.00    0.00    0.00    0.00    0.00    0.00    0.00    0.00    0.00  100.00
11:17:28 PM   16    0.00    0.00    0.00    0.00    0.00   50.00    0.00    0.00    0.00   50.00
11:17:28 PM   17    0.00    0.00    0.00    0.00    0.00   30.53    0.00    0.00    0.00   69.47
11:17:28 PM   18    0.00    0.00    0.00    0.00    0.00    9.78    0.00    0.00    0.00   90.22
11:17:28 PM   19    0.00    0.00    0.00    0.00    0.00   37.63    0.00    0.00    0.00   62.37
11:17:28 PM   20    0.00    0.00    0.00    0.99    0.00    0.00    0.00    0.00    0.00   99.01
11:17:28 PM   21    0.00    0.00    0.00    0.00    0.00    6.25    0.00    0.00    0.00   93.75
11:17:28 PM   22    0.00    0.00    0.00    0.00    0.00    5.32    0.00    0.00    0.00   94.68
11:17:28 PM   23    0.00    0.00    0.00    0.00    0.00    3.06    0.00    0.00    0.00   96.94
11:17:28 PM   24    0.00    0.00    0.00    0.00    0.00    1.01    0.00    0.00    0.00   98.99
11:17:28 PM   25    0.00    0.00    0.00    0.00    0.00    0.00    0.00    0.00    0.00  100.00
11:17:28 PM   26    0.00    0.00    0.00    0.00    0.00    0.00    0.00    0.00    0.00  100.00
11:17:28 PM   27    0.00    0.00    0.00    0.00    0.00    0.00    0.00    0.00    0.00  100.00
11:17:28 PM   28    0.00    0.00    0.00    0.00    0.00    0.00    0.00    0.00    0.00  100.00
11:17:28 PM   29    0.00    0.00    0.00    0.00    0.00    0.00    0.00    0.00    0.00  100.00
11:17:28 PM   30    0.00    0.00    0.00    0.00    0.00    0.00    0.00    0.00    0.00  100.00
11:17:28 PM   31    0.00    0.00    0.00    0.00    0.00    0.00    0.00    0.00    0.00  100.00

11:17:28 PM  CPU    %usr   %nice    %sys %iowait    %irq   %soft  %steal  %guest  %gnice   %idle
11:17:29 PM  all    0.00    0.00   12.59    0.00    0.00    4.91    0.00    0.00    0.00   82.50
11:17:29 PM    0    0.00    0.00  100.00    0.00    0.00    0.00    0.00    0.00    0.00    0.00
11:17:29 PM    1    0.00    0.00  100.00    0.00    0.00    0.00    0.00    0.00    0.00    0.00
11:17:29 PM    2    0.00    0.00  100.00    0.00    0.00    0.00    0.00    0.00    0.00    0.00
11:17:29 PM    3    0.00    0.00  100.00    0.00    0.00    0.00    0.00    0.00    0.00    0.00
11:17:29 PM    4    0.00    0.00    0.00    0.00    0.00    0.00    0.00    0.00    0.00  100.00
11:17:29 PM    5    0.00    0.00    0.00    0.00    0.00    0.00    0.00    0.00    0.00  100.00
11:17:29 PM    6    0.00    0.00    0.00    0.00    0.00    0.00    0.00    0.00    0.00  100.00
11:17:29 PM    7    0.00    0.00    0.00    0.00    0.00    0.00    0.00    0.00    0.00  100.00
11:17:29 PM    8    0.00    0.00    0.00    0.00    0.00    0.00    0.00    0.00    0.00  100.00
11:17:29 PM    9    0.00    0.00    0.00    0.00    0.00    0.00    0.00    0.00    0.00  100.00
11:17:29 PM   10    0.00    0.00    0.00    0.00    0.00    0.00    0.00    0.00    0.00  100.00
11:17:29 PM   11    0.00    0.00    0.00    0.00    0.00    0.00    0.00    0.00    0.00  100.00
11:17:29 PM   12    0.00    0.00    0.00    0.00    0.00    0.00    0.00    0.00    0.00  100.00
11:17:29 PM   13    0.00    0.00    0.00    0.00    0.00    0.00    0.00    0.00    0.00  100.00
11:17:29 PM   14    0.00    0.00    0.00    0.00    0.00    0.00    0.00    0.00    0.00  100.00
11:17:29 PM   15    0.00    0.00    0.00    0.00    0.00    0.00    0.00    0.00    0.00  100.00
11:17:29 PM   16    0.00    0.00    0.00    0.00    0.00   68.32    0.00    0.00    0.00   31.68
11:17:29 PM   17    0.00    0.00    0.00    0.00    0.00   36.08    0.00    0.00    0.00   63.92
11:17:29 PM   18    0.00    0.00    0.00    0.00    0.00   13.04    0.00    0.00    0.00   86.96
11:17:29 PM   19    0.00    0.00    0.00    0.00    0.00   18.28    0.00    0.00    0.00   81.72
11:17:29 PM   20    0.00    0.00    0.00    0.00    0.00    0.00    0.00    0.00    0.00  100.00
11:17:29 PM   21    0.00    0.00    0.00    0.00    0.00    5.05    0.00    0.00    0.00   94.95
11:17:29 PM   22    0.00    0.00    0.00    0.00    0.00    5.05    0.00    0.00    0.00   94.95
11:17:29 PM   23    0.00    0.00    0.00    0.00    0.00    5.05    0.00    0.00    0.00   94.95
11:17:29 PM   24    0.00    0.00    0.00    0.00    0.00    8.25    0.00    0.00    0.00   91.75
11:17:29 PM   25    0.00    0.00    0.00    0.00    0.00    0.00    0.00    0.00    0.00  100.00
11:17:29 PM   26    0.00    0.00    0.00    0.00    0.00    0.00    0.00    0.00    0.00  100.00
11:17:29 PM   27    0.00    0.00    0.00    0.00    0.00    0.00    0.00    0.00    0.00  100.00
11:17:29 PM   28    0.00    0.00    0.00    0.00    0.00    0.00    0.00    0.00    0.00  100.00
11:17:29 PM   29    0.00    0.00    0.00    0.00    0.00    0.00    0.00    0.00    0.00  100.00
11:17:29 PM   30    0.00    0.00    0.00    0.00    0.00    0.00    0.00    0.00    0.00  100.00
11:17:29 PM   31    0.00    0.00    0.00    0.00    0.00    0.00    0.00    0.00    0.00  100.00

11:17:29 PM  CPU    %usr   %nice    %sys %iowait    %irq   %soft  %steal  %guest  %gnice   %idle
11:17:30 PM  all    0.00    0.00   12.65    0.00    0.00    5.03    0.00    0.00    0.00   82.32
11:17:30 PM    0    0.00    0.00  100.00    0.00    0.00    0.00    0.00    0.00    0.00    0.00
11:17:30 PM    1    0.00    0.00  100.00    0.00    0.00    0.00    0.00    0.00    0.00    0.00
11:17:30 PM    2    0.00    0.00  100.00    0.00    0.00    0.00    0.00    0.00    0.00    0.00
11:17:30 PM    3    0.00    0.00  100.00    0.00    0.00    0.00    0.00    0.00    0.00    0.00
11:17:30 PM    4    0.00    0.00    0.00    0.00    0.00    4.76    0.00    0.00    0.00   95.24
11:17:30 PM    5    0.00    0.00    0.99    0.00    0.00    0.00    0.00    0.00    0.00   99.01
11:17:30 PM    6    0.00    0.00    0.00    0.00    0.00    0.00    0.00    0.00    0.00  100.00
11:17:30 PM    7    0.00    0.00    0.00    0.00    0.00    0.00    0.00    0.00    0.00  100.00
11:17:30 PM    8    0.00    0.00    0.00    0.00    0.00    0.00    0.00    0.00    0.00  100.00
11:17:30 PM    9    0.00    0.00    0.99    0.00    0.00    0.00    0.00    0.00    0.00   99.01
11:17:30 PM   10    0.00    0.00    0.00    0.00    0.00    0.00    0.00    0.00    0.00  100.00
11:17:30 PM   11    0.00    0.00    0.00    0.00    0.00    0.00    0.00    0.00    0.00  100.00
11:17:30 PM   12    0.00    0.00    0.00    0.00    0.00    0.00    0.00    0.00    0.00  100.00
11:17:30 PM   13    0.00    0.00    0.00    0.00    0.00    0.00    0.00    0.00    0.00  100.00
11:17:30 PM   14    0.00    0.00    0.00    0.00    0.00    0.00    0.00    0.00    0.00  100.00
11:17:30 PM   15    0.00    0.00    0.00    0.00    0.00    0.00    0.00    0.00    0.00  100.00
11:17:30 PM   16    0.00    0.00    0.00    0.00    0.00    5.05    0.00    0.00    0.00   94.95
11:17:30 PM   17    0.00    0.00    0.00    0.00    0.00   46.15    0.00    0.00    0.00   53.85
11:17:30 PM   18    0.00    0.00    0.00    0.00    0.00   56.38    0.00    0.00    0.00   43.62
11:17:30 PM   19    0.00    0.00    0.00    0.00    0.00   34.04    0.00    0.00    0.00   65.96
11:17:30 PM   20    0.00    0.00    0.00    0.00    0.00    0.00    0.00    0.00    0.00  100.00
11:17:30 PM   21    0.00    0.00    0.00    0.00    0.00    6.06    0.00    0.00    0.00   93.94
11:17:30 PM   22    0.00    0.00    0.00    0.00    0.00    5.05    0.00    0.00    0.00   94.95
11:17:30 PM   23    0.00    0.00    0.00    0.00    0.00    4.08    0.00    0.00    0.00   95.92
11:17:30 PM   24    0.00    0.00    0.00    0.00    0.00    8.16    0.00    0.00    0.00   91.84
11:17:30 PM   25    0.00    0.00    0.00    0.00    0.00    0.00    0.00    0.00    0.00  100.00
11:17:30 PM   26    0.00    0.00    0.00    0.00    0.00    0.00    0.00    0.00    0.00  100.00
11:17:30 PM   27    0.00    0.00    0.00    0.00    0.00    0.00    0.00    0.00    0.00  100.00
11:17:30 PM   28    0.00    0.00    0.00    0.00    0.00    0.00    0.00    0.00    0.00  100.00
11:17:30 PM   29    0.00    0.00    0.00    0.00    0.00    0.00    0.00    0.00    0.00  100.00
11:17:30 PM   30    0.00    0.00    0.00    0.00    0.00    0.00    0.00    0.00    0.00  100.00
11:17:30 PM   31    0.00    0.00    0.00    0.00    0.00    0.00    0.00    0.00    0.00  100.00

11:17:30 PM  CPU    %usr   %nice    %sys %iowait    %irq   %soft  %steal  %guest  %gnice   %idle
11:17:31 PM  all    0.00    0.00   12.62    0.00    0.00    4.89    0.00    0.00    0.00   82.49
11:17:31 PM    0    0.00    0.00  100.00    0.00    0.00    0.00    0.00    0.00    0.00    0.00
11:17:31 PM    1    0.00    0.00  100.00    0.00    0.00    0.00    0.00    0.00    0.00    0.00
11:17:31 PM    2    0.00    0.00  100.00    0.00    0.00    0.00    0.00    0.00    0.00    0.00
11:17:31 PM    3    0.00    0.00  100.00    0.00    0.00    0.00    0.00    0.00    0.00    0.00
11:17:31 PM    4    0.00    0.00    0.00    0.00    0.00    1.98    0.00    0.00    0.00   98.02
11:17:31 PM    5    0.00    0.00    0.00    0.00    0.00    0.00    0.00    0.00    0.00  100.00
11:17:31 PM    6    0.00    0.00    0.00    0.00    0.00    0.00    0.00    0.00    0.00  100.00
11:17:31 PM    7    0.00    0.00    0.00    0.00    0.00    0.00    0.00    0.00    0.00  100.00
11:17:31 PM    8    0.00    0.00    0.00    0.00    0.00    0.00    0.00    0.00    0.00  100.00
11:17:31 PM    9    0.00    0.00    0.00    0.00    0.00    0.00    0.00    0.00    0.00  100.00
11:17:31 PM   10    0.00    0.00    0.00    0.00    0.00    0.00    0.00    0.00    0.00  100.00
11:17:31 PM   11    0.00    0.00    0.00    0.00    0.00    0.00    0.00    0.00    0.00  100.00
11:17:31 PM   12    0.00    0.00    0.00    0.00    0.00    0.00    0.00    0.00    0.00  100.00
11:17:31 PM   13    0.00    0.00    0.00    0.00    0.00    0.00    0.00    0.00    0.00  100.00
11:17:31 PM   14    0.00    0.00    0.00    0.00    0.00    0.00    0.00    0.00    0.00  100.00
11:17:31 PM   15    0.00    0.00    0.00    0.00    0.00    0.00    0.00    0.00    0.00  100.00
11:17:31 PM   16    0.00    0.00    0.00    0.00    0.00   16.13    0.00    0.00    0.00   83.87
11:17:31 PM   17    0.00    0.00    0.00    0.00    0.00   32.63    0.00    0.00    0.00   67.37
11:17:31 PM   18    0.00    0.00    0.00    0.00    0.00   52.08    0.00    0.00    0.00   47.92
11:17:31 PM   19    0.00    0.00    0.00    0.00    0.00   36.26    0.00    0.00    0.00   63.74
11:17:31 PM   20    0.00    0.00    0.00    0.00    0.00    0.00    0.00    0.00    0.00  100.00
11:17:31 PM   21    0.00    0.00    0.00    0.00    0.00    6.00    0.00    0.00    0.00   94.00
11:17:31 PM   22    0.00    0.00    0.00    0.00    0.00    6.00    0.00    0.00    0.00   94.00
11:17:31 PM   23    0.00    0.00    0.00    0.00    0.00    5.05    0.00    0.00    0.00   94.95
11:17:31 PM   24    0.00    0.00    0.00    0.00    0.00    7.29    0.00    0.00    0.00   92.71
11:17:31 PM   25    0.00    0.00    0.00    0.00    0.00    0.00    0.00    0.00    0.00  100.00
11:17:31 PM   26    0.00    0.00    0.00    0.00    0.00    0.00    0.00    0.00    0.00  100.00
11:17:31 PM   27    0.00    0.00    0.00    0.00    0.00    0.00    0.00    0.00    0.00  100.00
11:17:31 PM   28    0.00    0.00    0.00    0.00    0.00    0.00    0.00    0.00    0.00  100.00
11:17:31 PM   29    0.00    0.00    0.00    0.00    0.00    0.00    0.00    0.00    0.00  100.00
11:17:31 PM   30    0.00    0.00    0.00    0.00    0.00    0.00    0.00    0.00    0.00  100.00
11:17:31 PM   31    0.00    0.00    0.00    0.00    0.00    0.00    0.00    0.00    0.00  100.00

11:17:31 PM  CPU    %usr   %nice    %sys %iowait    %irq   %soft  %steal  %guest  %gnice   %idle
11:17:32 PM  all    0.00    0.00   12.61    0.00    0.00    5.05    0.00    0.00    0.00   82.34
11:17:32 PM    0    0.00    0.00  100.00    0.00    0.00    0.00    0.00    0.00    0.00    0.00
11:17:32 PM    1    0.00    0.00  100.00    0.00    0.00    0.00    0.00    0.00    0.00    0.00
11:17:32 PM    2    0.00    0.00  100.00    0.00    0.00    0.00    0.00    0.00    0.00    0.00
11:17:32 PM    3    0.00    0.00  100.00    0.00    0.00    0.00    0.00    0.00    0.00    0.00
11:17:32 PM    4    0.00    0.00    0.00    0.00    0.00    0.00    0.00    0.00    0.00  100.00
11:17:32 PM    5    0.00    0.00    0.00    0.00    0.00    0.00    0.00    0.00    0.00  100.00
11:17:32 PM    6    0.00    0.00    0.00    0.00    0.00    0.00    0.00    0.00    0.00  100.00
11:17:32 PM    7    0.00    0.00    0.00    0.00    0.00    0.00    0.00    0.00    0.00  100.00
11:17:32 PM    8    0.00    0.00    0.00    0.00    0.00    0.00    0.00    0.00    0.00  100.00
11:17:32 PM    9    0.00    0.00    0.00    0.00    0.00    0.00    0.00    0.00    0.00  100.00
11:17:32 PM   10    0.00    0.00    0.00    0.00    0.00    0.00    0.00    0.00    0.00  100.00
11:17:32 PM   11    0.00    0.00    0.00    0.00    0.00    0.00    0.00    0.00    0.00  100.00
11:17:32 PM   12    0.00    0.00    0.00    0.00    0.00    0.00    0.00    0.00    0.00  100.00
11:17:32 PM   13    0.00    0.00    0.00    0.00    0.00    0.00    0.00    0.00    0.00  100.00
11:17:32 PM   14    0.00    0.00    0.00    0.00    0.00    0.00    0.00    0.00    0.00  100.00
11:17:32 PM   15    0.00    0.00    0.00    0.00    0.00    0.00    0.00    0.00    0.00  100.00
11:17:32 PM   16    0.00    0.00    0.00    0.00    0.00   28.42    0.00    0.00    0.00   71.58
11:17:32 PM   17    0.00    0.00    0.00    0.00    0.00   48.94    0.00    0.00    0.00   51.06
11:17:32 PM   18    0.00    0.00    0.00    0.00    0.00   43.62    0.00    0.00    0.00   56.38
11:17:32 PM   19    0.00    0.00    0.00    0.00    0.00   25.26    0.00    0.00    0.00   74.74
11:17:32 PM   20    0.00    0.00    0.00    0.00    0.00    0.00    0.00    0.00    0.00  100.00
11:17:32 PM   21    0.00    0.00    0.00    0.00    0.00    5.05    0.00    0.00    0.00   94.95
11:17:32 PM   22    0.00    0.00    0.00    0.00    0.00    5.05    0.00    0.00    0.00   94.95
11:17:32 PM   23    0.00    0.00    0.00    0.00    0.00    4.08    0.00    0.00    0.00   95.92
11:17:32 PM   24    0.00    0.00    0.00    0.00    0.00    8.25    0.00    0.00    0.00   91.75
11:17:32 PM   25    0.00    0.00    0.00    0.00    0.00    0.00    0.00    0.00    0.00  100.00
11:17:32 PM   26    0.00    0.00    0.00    0.00    0.00    0.00    0.00    0.00    0.00  100.00
11:17:32 PM   27    0.00    0.00    0.00    0.00    0.00    0.00    0.00    0.00    0.00  100.00
11:17:32 PM   28    0.00    0.00    0.00    0.00    0.00    0.00    0.00    0.00    0.00  100.00
11:17:32 PM   29    0.00    0.00    0.00    0.00    0.00    0.00    0.00    0.00    0.00  100.00
11:17:32 PM   30    0.00    0.00    0.00    0.00    0.00    0.00    0.00    0.00    0.00  100.00
11:17:32 PM   31    0.00    0.00    0.00    0.00    0.00    0.00    0.00    0.00    0.00  100.00

11:17:32 PM  CPU    %usr   %nice    %sys %iowait    %irq   %soft  %steal  %guest  %gnice   %idle
11:17:33 PM  all    0.00    0.00   12.60    0.00    0.00    4.82    0.00    0.00    0.00   82.58
11:17:33 PM    0    0.00    0.00  100.00    0.00    0.00    0.00    0.00    0.00    0.00    0.00
11:17:33 PM    1    0.00    0.00  100.00    0.00    0.00    0.00    0.00    0.00    0.00    0.00
11:17:33 PM    2    0.00    0.00  100.00    0.00    0.00    0.00    0.00    0.00    0.00    0.00
11:17:33 PM    3    0.00    0.00  100.00    0.00    0.00    0.00    0.00    0.00    0.00    0.00
11:17:33 PM    4    0.00    0.00    0.00    0.00    0.00    0.00    0.00    0.00    0.00  100.00
11:17:33 PM    5    0.00    0.00    0.00    0.00    0.00    0.00    0.00    0.00    0.00  100.00
11:17:33 PM    6    0.00    0.00    0.00    0.00    0.00    0.00    0.00    0.00    0.00  100.00
11:17:33 PM    7    0.00    0.00    0.00    0.00    0.00    0.00    0.00    0.00    0.00  100.00
11:17:33 PM    8    0.00    0.00    0.00    0.00    0.00    0.00    0.00    0.00    0.00  100.00
11:17:33 PM    9    0.00    0.00    0.00    0.00    0.00    0.00    0.00    0.00    0.00  100.00
11:17:33 PM   10    0.00    0.00    0.00    0.00    0.00    0.00    0.00    0.00    0.00  100.00
11:17:33 PM   11    0.00    0.00    0.00    0.00    0.00    0.00    0.00    0.00    0.00  100.00
11:17:33 PM   12    0.00    0.00    0.00    0.00    0.00    0.00    0.00    0.00    0.00  100.00
11:17:33 PM   13    0.00    0.00    0.00    0.00    0.00    0.00    0.00    0.00    0.00  100.00
11:17:33 PM   14    0.00    0.00    0.00    0.00    0.00    0.00    0.00    0.00    0.00  100.00
11:17:33 PM   15    0.00    0.00    0.00    0.00    0.00    0.00    0.00    0.00    0.00  100.00
11:17:33 PM   16    0.00    0.00    0.00    0.00    0.00   18.56    0.00    0.00    0.00   81.44
11:17:33 PM   17    0.00    0.00    0.00    0.00    0.00   73.96    0.00    0.00    0.00   26.04
11:17:33 PM   18    0.00    0.00    0.00    0.00    0.00   19.35    0.00    0.00    0.00   80.65
11:17:33 PM   19    0.00    0.00    0.00    0.00    0.00   24.47    0.00    0.00    0.00   75.53
11:17:33 PM   20    0.00    0.00    0.00    0.00    0.00    0.00    0.00    0.00    0.00  100.00
11:17:33 PM   21    0.00    0.00    0.00    0.00    0.00    5.05    0.00    0.00    0.00   94.95
11:17:33 PM   22    0.00    0.00    0.00    0.00    0.00    5.05    0.00    0.00    0.00   94.95
11:17:33 PM   23    0.00    0.00    0.00    0.00    0.00    4.08    0.00    0.00    0.00   95.92
11:17:33 PM   24    0.00    0.00    0.00    0.00    0.00    9.09    0.00    0.00    0.00   90.91
11:17:33 PM   25    0.00    0.00    0.00    0.00    0.00    0.00    0.00    0.00    0.00  100.00
11:17:33 PM   26    0.00    0.00    0.00    0.00    0.00    0.00    0.00    0.00    0.00  100.00
11:17:33 PM   27    0.00    0.00    0.00    0.00    0.00    0.00    0.00    0.00    0.00  100.00
11:17:33 PM   28    0.00    0.00    0.00    0.00    0.00    0.00    0.00    0.00    0.00  100.00
11:17:33 PM   29    0.00    0.00    0.00    0.00    0.00    0.00    0.00    0.00    0.00  100.00
11:17:33 PM   30    0.00    0.00    0.00    0.00    0.00    0.00    0.00    0.00    0.00  100.00
11:17:33 PM   31    0.00    0.00    0.00    0.00    0.00    0.00    0.00    0.00    0.00  100.00

11:17:33 PM  CPU    %usr   %nice    %sys %iowait    %irq   %soft  %steal  %guest  %gnice   %idle
11:17:34 PM  all    0.00    0.00   12.69    0.00    0.00    4.44    0.00    0.00    0.00   82.87
11:17:34 PM    0    0.00    0.00  100.00    0.00    0.00    0.00    0.00    0.00    0.00    0.00
11:17:34 PM    1    0.00    0.00  100.00    0.00    0.00    0.00    0.00    0.00    0.00    0.00
11:17:34 PM    2    0.00    0.00  100.00    0.00    0.00    0.00    0.00    0.00    0.00    0.00
11:17:34 PM    3    0.00    0.00  100.00    0.00    0.00    0.00    0.00    0.00    0.00    0.00
11:17:34 PM    4    0.00    0.00    0.00    0.00    0.00    0.99    0.00    0.00    0.00   99.01
11:17:34 PM    5    0.00    0.00    0.00    0.00    0.00    0.00    0.00    0.00    0.00  100.00
11:17:34 PM    6    0.00    0.00    0.00    0.00    0.00    0.00    0.00    0.00    0.00  100.00
11:17:34 PM    7    0.00    0.00    0.00    0.00    0.00    0.00    0.00    0.00    0.00  100.00
11:17:34 PM    8    0.00    0.00    0.00    0.00    0.00    0.00    0.00    0.00    0.00  100.00
11:17:34 PM    9    0.00    0.00    0.00    0.00    0.00    0.00    0.00    0.00    0.00  100.00
11:17:34 PM   10    0.00    0.00    0.00    0.00    0.00    0.00    0.00    0.00    0.00  100.00
11:17:34 PM   11    0.00    0.00    0.00    0.00    0.00    0.00    0.00    0.00    0.00  100.00
11:17:34 PM   12    0.00    0.00    0.00    0.00    0.00    0.00    0.00    0.00    0.00  100.00
11:17:34 PM   13    0.00    0.00    0.00    0.00    0.00    0.00    0.00    0.00    0.00  100.00
11:17:34 PM   14    0.00    0.00    0.00    0.00    0.00    0.00    0.00    0.00    0.00  100.00
11:17:34 PM   15    0.00    0.00    0.00    0.00    0.00    0.00    0.00    0.00    0.00  100.00
11:17:34 PM   16    0.00    0.00    0.00    0.00    0.00   18.89    0.00    0.00    0.00   81.11
11:17:34 PM   17    0.00    0.00    0.00    0.00    0.00   49.46    0.00    0.00    0.00   50.54
11:17:34 PM   18    0.00    0.00    0.00    0.00    0.00   22.09    0.00    0.00    0.00   77.91
11:17:34 PM   19    0.00    0.00    0.00    0.00    0.00   38.46    0.00    0.00    0.00   61.54
11:17:34 PM   20    0.00    0.00    0.00    0.00    0.00    0.00    0.00    0.00    0.00  100.00
11:17:34 PM   21    0.00    0.00    0.00    0.00    0.00    5.05    0.00    0.00    0.00   94.95
11:17:34 PM   22    0.00    0.00    0.00    0.00    0.00    5.05    0.00    0.00    0.00   94.95
11:17:34 PM   23    0.00    0.00    0.00    0.00    0.00    4.08    0.00    0.00    0.00   95.92
11:17:34 PM   24    0.00    0.00    0.00    0.00    0.00    8.25    0.00    0.00    0.00   91.75
11:17:34 PM   25    0.00    0.00    0.00    0.00    0.00    0.00    0.00    0.00    0.00  100.00
11:17:34 PM   26    0.00    0.00    0.00    0.00    0.00    0.00    0.00    0.00    0.00  100.00
11:17:34 PM   27    0.00    0.00    0.00    0.00    0.00    0.00    0.00    0.00    0.00  100.00
11:17:34 PM   28    0.00    0.00    0.00    0.00    0.00    0.00    0.00    0.00    0.00  100.00
11:17:34 PM   29    0.00    0.00    0.00    0.00    0.00    0.00    0.00    0.00    0.00  100.00
11:17:34 PM   30    0.00    0.00    0.00    0.00    0.00    0.00    0.00    0.00    0.00  100.00
11:17:34 PM   31    0.00    0.00    0.00    0.00    0.00    0.00    0.00    0.00    0.00  100.00

11:17:34 PM  CPU    %usr   %nice    %sys %iowait    %irq   %soft  %steal  %guest  %gnice   %idle
11:17:35 PM  all    0.03    0.00   12.61    0.00    0.00    5.08    0.00    0.00    0.00   82.28
11:17:35 PM    0    0.00    0.00  100.00    0.00    0.00    0.00    0.00    0.00    0.00    0.00
11:17:35 PM    1    0.00    0.00  100.00    0.00    0.00    0.00    0.00    0.00    0.00    0.00
11:17:35 PM    2    0.00    0.00  100.00    0.00    0.00    0.00    0.00    0.00    0.00    0.00
11:17:35 PM    3    0.00    0.00  100.00    0.00    0.00    0.00    0.00    0.00    0.00    0.00
11:17:35 PM    4    1.00    0.00    0.00    0.00    0.00    0.00    0.00    0.00    0.00   99.00
11:17:35 PM    5    0.00    0.00    0.00    0.00    0.00    0.00    0.00    0.00    0.00  100.00
11:17:35 PM    6    0.00    0.00    0.00    0.00    0.00    0.00    0.00    0.00    0.00  100.00
11:17:35 PM    7    0.00    0.00    0.00    0.00    0.00    0.00    0.00    0.00    0.00  100.00
11:17:35 PM    8    0.00    0.00    0.00    0.00    0.00    0.00    0.00    0.00    0.00  100.00
11:17:35 PM    9    0.00    0.00    0.00    0.00    0.00    0.00    0.00    0.00    0.00  100.00
11:17:35 PM   10    0.00    0.00    0.00    0.00    0.00    0.00    0.00    0.00    0.00  100.00
11:17:35 PM   11    0.00    0.00    0.00    0.00    0.00    0.00    0.00    0.00    0.00  100.00
11:17:35 PM   12    0.00    0.00    0.00    0.00    0.00    0.00    0.00    0.00    0.00  100.00
11:17:35 PM   13    0.00    0.00    0.00    0.00    0.00    0.00    0.00    0.00    0.00  100.00
11:17:35 PM   14    0.00    0.00    0.00    0.00    0.00    0.00    0.00    0.00    0.00  100.00
11:17:35 PM   15    0.00    0.00    0.00    0.00    0.00    0.00    0.00    0.00    0.00  100.00
11:17:35 PM   16    0.00    0.00    0.00    0.00    0.00   47.47    0.00    0.00    0.00   52.53
11:17:35 PM   17    0.00    0.00    0.00    0.00    0.00   37.23    0.00    0.00    0.00   62.77
11:17:35 PM   18    0.00    0.00    0.00    0.00    0.00   46.15    0.00    0.00    0.00   53.85
11:17:35 PM   19    0.00    0.00    0.00    0.00    0.00   15.96    0.00    0.00    0.00   84.04
11:17:35 PM   20    0.00    0.00    0.00    0.00    0.00    0.00    0.00    0.00    0.00  100.00
11:17:35 PM   21    0.00    0.00    0.00    0.00    0.00    5.05    0.00    0.00    0.00   94.95
11:17:35 PM   22    0.00    0.00    0.00    0.00    0.00    6.06    0.00    0.00    0.00   93.94
11:17:35 PM   23    0.00    0.00    0.00    0.00    0.00    4.08    0.00    0.00    0.00   95.92
11:17:35 PM   24    0.00    0.00    0.00    0.00    0.00    7.22    0.00    0.00    0.00   92.78
11:17:35 PM   25    0.00    0.00    0.00    0.00    0.00    0.00    0.00    0.00    0.00  100.00
11:17:35 PM   26    0.00    0.00    0.00    0.00    0.00    0.00    0.00    0.00    0.00  100.00
11:17:35 PM   27    0.00    0.00    0.00    0.00    0.00    0.00    0.00    0.00    0.00  100.00
11:17:35 PM   28    0.00    0.00    0.00    0.00    0.00    0.00    0.00    0.00    0.00  100.00
11:17:35 PM   29    0.00    0.00    0.00    0.00    0.00    0.00    0.00    0.00    0.00  100.00
11:17:35 PM   30    0.00    0.00    0.00    0.00    0.00    0.00    0.00    0.00    0.00  100.00
11:17:35 PM   31    0.00    0.00    0.00    0.00    0.00    0.00    0.00    0.00    0.00  100.00

11:17:35 PM  CPU    %usr   %nice    %sys %iowait    %irq   %soft  %steal  %guest  %gnice   %idle
11:17:36 PM  all    0.00    0.00   12.64    0.00    0.00    4.80    0.00    0.00    0.00   82.56
11:17:36 PM    0    0.00    0.00  100.00    0.00    0.00    0.00    0.00    0.00    0.00    0.00
11:17:36 PM    1    0.00    0.00  100.00    0.00    0.00    0.00    0.00    0.00    0.00    0.00
11:17:36 PM    2    0.00    0.00  100.00    0.00    0.00    0.00    0.00    0.00    0.00    0.00
11:17:36 PM    3    0.00    0.00  100.00    0.00    0.00    0.00    0.00    0.00    0.00    0.00
11:17:36 PM    4    0.00    0.00    0.00    0.00    0.00    0.00    0.00    0.00    0.00  100.00
11:17:36 PM    5    0.00    0.00    0.00    0.00    0.00    0.00    0.00    0.00    0.00  100.00
11:17:36 PM    6    0.00    0.00    0.00    0.00    0.00    0.00    0.00    0.00    0.00  100.00
11:17:36 PM    7    0.00    0.00    0.00    0.00    0.00    0.00    0.00    0.00    0.00  100.00
11:17:36 PM    8    0.00    0.00    0.00    0.00    0.00    0.00    0.00    0.00    0.00  100.00
11:17:36 PM    9    0.00    0.00    0.00    0.00    0.00    0.00    0.00    0.00    0.00  100.00
11:17:36 PM   10    0.00    0.00    0.00    0.00    0.00    0.00    0.00    0.00    0.00  100.00
11:17:36 PM   11    0.00    0.00    0.00    0.00    0.00    0.00    0.00    0.00    0.00  100.00
11:17:36 PM   12    0.00    0.00    0.00    0.00    0.00    0.00    0.00    0.00    0.00  100.00
11:17:36 PM   13    0.00    0.00    0.00    0.00    0.00    0.00    0.00    0.00    0.00  100.00
11:17:36 PM   14    0.00    0.00    0.00    0.00    0.00    0.00    0.00    0.00    0.00  100.00
11:17:36 PM   15    0.00    0.00    0.00    0.00    0.00    0.00    0.00    0.00    0.00  100.00
11:17:36 PM   16    0.00    0.00    0.00    0.00    0.00   46.24    0.00    0.00    0.00   53.76
11:17:36 PM   17    0.00    0.00    0.00    0.00    0.00   32.97    0.00    0.00    0.00   67.03
11:17:36 PM   18    0.00    0.00    0.00    0.00    0.00   32.61    0.00    0.00    0.00   67.39
11:17:36 PM   19    0.00    0.00    0.00    0.00    0.00   25.81    0.00    0.00    0.00   74.19
11:17:36 PM   20    0.00    0.00    0.00    0.00    0.00    0.00    0.00    0.00    0.00  100.00
11:17:36 PM   21    0.00    0.00    0.00    0.00    0.00    6.00    0.00    0.00    0.00   94.00
11:17:36 PM   22    0.00    0.00    0.00    0.00    0.00    6.00    0.00    0.00    0.00   94.00
11:17:36 PM   23    0.00    0.00    0.00    0.00    0.00    4.08    0.00    0.00    0.00   95.92
11:17:36 PM   24    0.00    0.00    0.00    0.00    0.00    9.18    0.00    0.00    0.00   90.82
11:17:36 PM   25    0.00    0.00    0.00    0.00    0.00    0.00    0.00    0.00    0.00  100.00
11:17:36 PM   26    0.00    0.00    0.00    0.00    0.00    0.00    0.00    0.00    0.00  100.00
11:17:36 PM   27    0.00    0.00    0.00    0.00    0.00    0.00    0.00    0.00    0.00  100.00
11:17:36 PM   28    0.00    0.00    0.00    0.00    0.00    0.00    0.00    0.00    0.00  100.00
11:17:36 PM   29    0.00    0.00    0.00    0.00    0.00    0.00    0.00    0.00    0.00  100.00
11:17:36 PM   30    0.00    0.00    0.00    0.00    0.00    0.00    0.00    0.00    0.00  100.00
11:17:36 PM   31    0.00    0.00    0.00    0.00    0.00    0.00    0.00    0.00    0.00  100.00

11:17:36 PM  CPU    %usr   %nice    %sys %iowait    %irq   %soft  %steal  %guest  %gnice   %idle
11:17:37 PM  all    0.00    0.00   12.57    0.00    0.00    5.15    0.00    0.00    0.00   82.28
11:17:37 PM    0    0.00    0.00  100.00    0.00    0.00    0.00    0.00    0.00    0.00    0.00
11:17:37 PM    1    0.00    0.00  100.00    0.00    0.00    0.00    0.00    0.00    0.00    0.00
11:17:37 PM    2    0.00    0.00  100.00    0.00    0.00    0.00    0.00    0.00    0.00    0.00
11:17:37 PM    3    0.00    0.00  100.00    0.00    0.00    0.00    0.00    0.00    0.00    0.00
11:17:37 PM    4    0.00    0.00    0.00    0.00    0.00    1.96    0.00    0.00    0.00   98.04
11:17:37 PM    5    0.00    0.00    0.00    0.00    0.00    0.00    0.00    0.00    0.00  100.00
11:17:37 PM    6    0.00    0.00    0.00    0.00    0.00    0.00    0.00    0.00    0.00  100.00
11:17:37 PM    7    0.00    0.00    0.00    0.00    0.00    0.00    0.00    0.00    0.00  100.00
11:17:37 PM    8    0.00    0.00    0.00    0.00    0.00    0.00    0.00    0.00    0.00  100.00
11:17:37 PM    9    0.00    0.00    0.00    0.00    0.00    0.00    0.00    0.00    0.00  100.00
11:17:37 PM   10    0.00    0.00    0.00    0.00    0.00    0.00    0.00    0.00    0.00  100.00
11:17:37 PM   11    0.00    0.00    0.00    0.00    0.00    0.00    0.00    0.00    0.00  100.00
11:17:37 PM   12    0.00    0.00    0.00    0.00    0.00    0.00    0.00    0.00    0.00  100.00
11:17:37 PM   13    0.00    0.00    0.00    0.00    0.00    0.00    0.00    0.00    0.00  100.00
11:17:37 PM   14    0.00    0.00    0.00    0.00    0.00    0.00    0.00    0.00    0.00  100.00
11:17:37 PM   15    0.00    0.00    0.00    0.00    0.00    0.00    0.00    0.00    0.00  100.00
11:17:37 PM   16    0.00    0.00    0.00    0.00    0.00   61.86    0.00    0.00    0.00   38.14
11:17:37 PM   17    0.00    0.00    0.00    0.00    0.00   30.53    0.00    0.00    0.00   69.47
11:17:37 PM   18    0.00    0.00    0.00    0.00    0.00   39.39    0.00    0.00    0.00   60.61
11:17:37 PM   19    0.00    0.00    0.00    0.00    0.00   10.42    0.00    0.00    0.00   89.58
11:17:37 PM   20    0.00    0.00    0.00    0.00    0.00    0.00    0.00    0.00    0.00  100.00
11:17:37 PM   21    0.00    0.00    0.00    0.00    0.00    6.06    0.00    0.00    0.00   93.94
11:17:37 PM   22    0.00    0.00    0.00    0.00    0.00    6.00    0.00    0.00    0.00   94.00
11:17:37 PM   23    0.00    0.00    0.00    0.00    0.00    4.12    0.00    0.00    0.00   95.88
11:17:37 PM   24    0.00    0.00    0.00    0.00    0.00    8.25    0.00    0.00    0.00   91.75
11:17:37 PM   25    0.00    0.00    0.00    0.00    0.00    0.00    0.00    0.00    0.00  100.00
11:17:37 PM   26    0.00    0.00    0.00    0.00    0.00    0.00    0.00    0.00    0.00  100.00
11:17:37 PM   27    0.00    0.00    0.00    0.00    0.00    0.00    0.00    0.00    0.00  100.00
11:17:37 PM   28    0.00    0.00    0.00    0.00    0.00    0.00    0.00    0.00    0.00  100.00
11:17:37 PM   29    0.00    0.00    0.00    0.00    0.00    0.00    0.00    0.00    0.00  100.00
11:17:37 PM   30    0.00    0.00    0.00    0.00    0.00    0.00    0.00    0.00    0.00  100.00
11:17:37 PM   31    0.00    0.00    0.00    0.00    0.00    0.00    0.00    0.00    0.00  100.00

11:17:37 PM  CPU    %usr   %nice    %sys %iowait    %irq   %soft  %steal  %guest  %gnice   %idle
11:17:38 PM  all    0.00    0.00   12.58    0.00    0.00    5.13    0.00    0.00    0.00   82.29
11:17:38 PM    0    0.00    0.00  100.00    0.00    0.00    0.00    0.00    0.00    0.00    0.00
11:17:38 PM    1    0.00    0.00  100.00    0.00    0.00    0.00    0.00    0.00    0.00    0.00
11:17:38 PM    2    0.00    0.00  100.00    0.00    0.00    0.00    0.00    0.00    0.00    0.00
11:17:38 PM    3    0.00    0.00  100.00    0.00    0.00    0.00    0.00    0.00    0.00    0.00
11:17:38 PM    4    0.00    0.00    0.00    0.00    0.00    0.99    0.00    0.00    0.00   99.01
11:17:38 PM    5    0.00    0.00    0.00    0.00    0.00    0.00    0.00    0.00    0.00  100.00
11:17:38 PM    6    0.00    0.00    0.00    0.00    0.00    0.00    0.00    0.00    0.00  100.00
11:17:38 PM    7    0.00    0.00    0.00    0.00    0.00    0.00    0.00    0.00    0.00  100.00
11:17:38 PM    8    0.00    0.00    0.00    0.00    0.00    0.00    0.00    0.00    0.00  100.00
11:17:38 PM    9    0.00    0.00    0.00    0.00    0.00    0.00    0.00    0.00    0.00  100.00
11:17:38 PM   10    0.00    0.00    0.00    0.00    0.00    0.00    0.00    0.00    0.00  100.00
11:17:38 PM   11    0.00    0.00    0.00    0.00    0.00    0.00    0.00    0.00    0.00  100.00
11:17:38 PM   12    0.00    0.00    0.00    0.00    0.00    0.00    0.00    0.00    0.00  100.00
11:17:38 PM   13    0.00    0.00    0.00    0.00    0.00    0.00    0.00    0.00    0.00  100.00
11:17:38 PM   14    0.00    0.00    0.00    0.00    0.00    0.00    0.00    0.00    0.00  100.00
11:17:38 PM   15    0.00    0.00    0.00    0.00    0.00    0.00    0.00    0.00    0.00  100.00
11:17:38 PM   16    0.00    0.00    0.00    0.00    0.00   41.05    0.00    0.00    0.00   58.95
11:17:38 PM   17    0.00    0.00    0.00    0.00    0.00    8.25    0.00    0.00    0.00   91.75
11:17:38 PM   18    0.00    0.00    0.00    0.00    0.00   50.53    0.00    0.00    0.00   49.47
11:17:38 PM   19    0.00    0.00    0.00    0.00    0.00   45.26    0.00    0.00    0.00   54.74
11:17:38 PM   20    0.00    0.00    0.00    0.00    0.00    0.00    0.00    0.00    0.00  100.00
11:17:38 PM   21    0.00    0.00    0.00    0.00    0.00    5.05    0.00    0.00    0.00   94.95
11:17:38 PM   22    0.00    0.00    0.00    0.00    0.00    6.00    0.00    0.00    0.00   94.00
11:17:38 PM   23    0.00    0.00    0.00    0.00    0.00    4.08    0.00    0.00    0.00   95.92
11:17:38 PM   24    0.00    0.00    0.00    0.00    0.00    9.09    0.00    0.00    0.00   90.91
11:17:38 PM   25    0.00    0.00    0.00    0.00    0.00    0.00    0.00    0.00    0.00  100.00
11:17:38 PM   26    0.00    0.00    0.00    0.00    0.00    0.00    0.00    0.00    0.00  100.00
11:17:38 PM   27    0.00    0.00    0.00    0.00    0.00    0.00    0.00    0.00    0.00  100.00
11:17:38 PM   28    0.00    0.00    0.00    0.00    0.00    0.00    0.00    0.00    0.00  100.00
11:17:38 PM   29    0.00    0.00    0.00    0.00    0.00    0.00    0.00    0.00    0.00  100.00
11:17:38 PM   30    0.00    0.00    0.00    0.00    0.00    0.00    0.00    0.00    0.00  100.00
11:17:38 PM   31    0.00    0.00    0.00    0.00    0.00    0.00    0.00    0.00    0.00  100.00

11:17:38 PM  CPU    %usr   %nice    %sys %iowait    %irq   %soft  %steal  %guest  %gnice   %idle
11:17:39 PM  all    0.00    0.00   12.67    0.00    0.00    4.79    0.00    0.00    0.00   82.55
11:17:39 PM    0    0.00    0.00  100.00    0.00    0.00    0.00    0.00    0.00    0.00    0.00
11:17:39 PM    1    0.00    0.00  100.00    0.00    0.00    0.00    0.00    0.00    0.00    0.00
11:17:39 PM    2    0.00    0.00  100.00    0.00    0.00    0.00    0.00    0.00    0.00    0.00
11:17:39 PM    3    0.00    0.00  100.00    0.00    0.00    0.00    0.00    0.00    0.00    0.00
11:17:39 PM    4    0.00    0.00    0.99    0.00    0.00    0.99    0.00    0.00    0.00   98.02
11:17:39 PM    5    0.00    0.00    0.00    0.00    0.00    0.00    0.00    0.00    0.00  100.00
11:17:39 PM    6    0.00    0.00    0.00    0.00    0.00    0.00    0.00    0.00    0.00  100.00
11:17:39 PM    7    0.00    0.00    0.00    0.00    0.00    0.00    0.00    0.00    0.00  100.00
11:17:39 PM    8    0.00    0.00    0.00    0.00    0.00    0.00    0.00    0.00    0.00  100.00
11:17:39 PM    9    0.00    0.00    0.00    0.00    0.00    0.00    0.00    0.00    0.00  100.00
11:17:39 PM   10    0.00    0.00    0.00    0.00    0.00    0.00    0.00    0.00    0.00  100.00
11:17:39 PM   11    0.00    0.00    0.00    0.00    0.00    0.00    0.00    0.00    0.00  100.00
11:17:39 PM   12    0.00    0.00    0.00    0.00    0.00    0.00    0.00    0.00    0.00  100.00
11:17:39 PM   13    0.00    0.00    0.00    0.00    0.00    0.00    0.00    0.00    0.00  100.00
11:17:39 PM   14    0.00    0.00    0.00    0.00    0.00    0.00    0.00    0.00    0.00  100.00
11:17:39 PM   15    0.00    0.00    0.00    0.00    0.00    0.00    0.00    0.00    0.00  100.00
11:17:39 PM   16    0.00    0.00    0.00    0.00    0.00   60.82    0.00    0.00    0.00   39.18
11:17:39 PM   17    0.00    0.00    0.00    0.00    0.00   29.03    0.00    0.00    0.00   70.97
11:17:39 PM   18    0.00    0.00    0.00    0.00    0.00   40.86    0.00    0.00    0.00   59.14
11:17:39 PM   19    0.00    0.00    0.00    0.00    0.00    5.21    0.00    0.00    0.00   94.79
11:17:39 PM   20    0.00    0.00    0.00    0.00    0.00    0.00    0.00    0.00    0.00  100.00
11:17:39 PM   21    0.00    0.00    0.00    0.00    0.00    5.05    0.00    0.00    0.00   94.95
11:17:39 PM   22    0.00    0.00    0.00    0.00    0.00    5.05    0.00    0.00    0.00   94.95
11:17:39 PM   23    0.00    0.00    1.00    0.00    0.00    5.00    0.00    0.00    0.00   94.00
11:17:39 PM   24    0.00    0.00    0.00    0.00    0.00    7.29    0.00    0.00    0.00   92.71
11:17:39 PM   25    0.00    0.00    0.00    0.00    0.00    0.00    0.00    0.00    0.00  100.00
11:17:39 PM   26    0.00    0.00    0.00    0.00    0.00    0.00    0.00    0.00    0.00  100.00
11:17:39 PM   27    0.00    0.00    0.00    0.00    0.00    0.00    0.00    0.00    0.00  100.00
11:17:39 PM   28    0.00    0.00    0.00    0.00    0.00    0.00    0.00    0.00    0.00  100.00
11:17:39 PM   29    0.00    0.00    0.00    0.00    0.00    0.00    0.00    0.00    0.00  100.00
11:17:39 PM   30    0.00    0.00    0.00    0.00    0.00    0.00    0.00    0.00    0.00  100.00
11:17:39 PM   31    0.00    0.00    0.00    0.00    0.00    0.00    0.00    0.00    0.00  100.00

Average:     CPU    %usr   %nice    %sys %iowait    %irq   %soft  %steal  %guest  %gnice   %idle
Average:     all    0.00    0.00   12.59    0.00    0.00    4.88    0.00    0.00    0.00   82.52
Average:       0    0.00    0.00   99.83    0.00    0.00    0.00    0.00    0.00    0.00    0.17
Average:       1    0.00    0.00   99.83    0.00    0.00    0.00    0.00    0.00    0.00    0.17
Average:       2    0.00    0.00   99.75    0.00    0.00    0.00    0.00    0.00    0.00    0.25
Average:       3    0.00    0.00   99.83    0.00    0.00    0.00    0.00    0.00    0.00    0.17
Average:       4    0.08    0.00    0.08    0.00    0.00    1.48    0.00    0.00    0.00   98.36
Average:       5    0.00    0.00    0.08    0.00    0.00    0.00    0.00    0.00    0.00   99.92
Average:       6    0.00    0.00    0.00    0.00    0.00    0.00    0.00    0.00    0.00  100.00
Average:       7    0.00    0.00    0.00    0.00    0.00    0.00    0.00    0.00    0.00  100.00
Average:       8    0.00    0.00    0.00    0.00    0.00    0.00    0.00    0.00    0.00  100.00
Average:       9    0.00    0.00    0.08    0.00    0.00    0.00    0.00    0.00    0.00   99.92
Average:      10    0.00    0.00    0.00    0.00    0.00    0.00    0.00    0.00    0.00  100.00
Average:      11    0.00    0.00    0.00    0.00    0.00    0.00    0.00    0.00    0.00  100.00
Average:      12    0.00    0.00    0.00    0.00    0.00    0.00    0.00    0.00    0.00  100.00
Average:      13    0.00    0.00    0.00    0.00    0.00    0.00    0.00    0.00    0.00  100.00
Average:      14    0.00    0.00    0.00    0.00    0.00    0.00    0.00    0.00    0.00  100.00
Average:      15    0.00    0.00    0.00    0.00    0.00    0.00    0.00    0.00    0.00  100.00
Average:      16    0.00    0.00    0.00    0.00    0.00   38.80    0.00    0.00    0.00   61.20
Average:      17    0.00    0.00    0.00    0.00    0.00   37.93    0.00    0.00    0.00   62.07
Average:      18    0.00    0.00    0.00    0.00    0.00   35.72    0.00    0.00    0.00   64.28
Average:      19    0.00    0.00    0.00    0.00    0.00   26.31    0.00    0.00    0.00   73.69
Average:      20    0.00    0.00    0.00    0.08    0.00    0.00    0.00    0.00    0.00   99.92
Average:      21    0.00    0.00    0.00    0.00    0.00    5.48    0.00    0.00    0.00   94.52
Average:      22    0.00    0.00    0.00    0.00    0.00    5.48    0.00    0.00    0.00   94.52
Average:      23    0.00    0.00    0.08    0.00    0.00    4.24    0.00    0.00    0.00   95.67
Average:      24    0.00    0.00    0.00    0.00    0.00    7.61    0.00    0.00    0.00   92.39
Average:      25    0.00    0.00    0.00    0.00    0.00    0.00    0.00    0.00    0.00  100.00
Average:      26    0.00    0.00    0.00    0.00    0.00    0.00    0.00    0.00    0.00  100.00
Average:      27    0.00    0.00    0.00    0.00    0.00    0.00    0.00    0.00    0.00  100.00
Average:      28    0.00    0.00    0.00    0.00    0.00    0.00    0.00    0.00    0.00  100.00
Average:      29    0.00    0.00    0.00    0.00    0.00    0.00    0.00    0.00    0.00  100.00
Average:      30    0.00    0.00    0.00    0.00    0.00    0.00    0.00    0.00    0.00  100.00
Average:      31    0.00    0.00    0.00    0.00    0.00    0.00    0.00    0.00    0.00  100.00
