  68:          0          0          0          0          0          0          0          0          0          0          0          0          0          0          0          0          0          0          0          0          0          0          0          0          0          1          0          0          0          0          0          0 IR-PCI-MSIX-0000:03:00.0    0-edge      enp3s0-0
 182:      22586          0          0          0          0          0          0          0          0          0          0          0          0          0          0          0          0          0          0          0          0          0          0          0          0          0          0          0          0          0          0          0 IR-PCI-MSIX-0000:03:00.0    1-edge      enp3s0-1
 183:          0          0          0          0          0          0          0          0          0          0          0          0          0          0          0          0          0          0          0          0          0          0          0          0          0          0          0          0          0          0          0          0 IR-PCI-MSIX-0000:03:00.0    2-edge      enp3s0-2
 184:          0          0         13          0          0          0          0          0          0          0          0          0          0          0          0          0          0          0          0          0          0          0          0          0          0          0          0          0          0          0          0          0 IR-PCI-MSIX-0000:03:00.0    3-edge      enp3s0-3
 185:          0          0          0          0          0          0          0          0          0          0          0          0          0          0          0          0          0          0          0          0          0          0          0          0          0          0          0          0          0          0          0          0 IR-PCI-MSIX-0000:03:00.0    4-edge      enp3s0-4
 186:          0          0          0          0          0          0          0          0          0          0          0          0          0          0          0          0          0          0          0          0          0          0          0          0          0          0          0          0          0          0          0          0 IR-PCI-MSIX-0000:03:00.0    5-edge      enp3s0-5
 187:          0          0          0          0          0          0          0          0          0          0          0          0          0          0          0          0          0          0          0          0          0          0          0          0          0          0          0          0          0          0          0          0 IR-PCI-MSIX-0000:03:00.0    6-edge      enp3s0-6
 188:          0          0          0          0          0          0          0          0          0          0          0          0          0          0          0          0          0          0          0          0          0          0          0          0          0          0          0          0          0          0          0          0 IR-PCI-MSIX-0000:03:00.0    7-edge      enp3s0-7
 189:          0          0          0          0          0          0          0          0          0          0          0          0          0          0          0          0          0          0          0          0          0          0          0          0          0          0          0          0          0          0          0          0 IR-PCI-MSIX-0000:03:00.0    8-edge      enp3s0-8
 190:          0          0          0          0          0          0          0          0          0          0          0          0          0          0          0          0          0          0          0          0          0          0          0          0          0          0          0          0          0          0          0          0 IR-PCI-MSIX-0000:03:00.0    9-edge      enp3s0-9
 191:          0          0          0          0          0          0          0          0          0          0          0          0          0          0          0          0          0          0          0          0          0          0          0          0          0          0          0          0          0          0          0          0 IR-PCI-MSIX-0000:03:00.0   10-edge      enp3s0-10
 192:          0          0          0          0          0          0          0          0          0          0          0          0          0          0          0          0          0          0          0          0          0          0          0          0          0          0          0          0          0          0          0          0 IR-PCI-MSIX-0000:03:00.0   11-edge      enp3s0-11
 193:          0          0          0          0          0          0          0          0          0          0          0          0          0          0          0          0          0          0          0          0          0          0          0          0          0          0          0          0          0          0          0          0 IR-PCI-MSIX-0000:03:00.0   12-edge      enp3s0-12
 194:          0          0          0          0          0          0          0          0          0          0          0          0          0          0          0          0          0          0          0          0          0          0          0          0          0          0          0          0          0          0          0          0 IR-PCI-MSIX-0000:03:00.0   13-edge      enp3s0-13
 195:          0          0          0          0          0          0          0          0          0          0          0          0          0          0          0          0          0          0          0          0          0          0          0          0          0          0          0          0          0          0          0          0 IR-PCI-MSIX-0000:03:00.0   14-edge      enp3s0-14
 196:          0          0          0          0          0          0          0          0          0          0          0          0          0          0          0          0          0          0          0          0          0          0          0          0          0          0          0          0          0          0          0          0 IR-PCI-MSIX-0000:03:00.0   15-edge      enp3s0-15
 197:          0          0          0          0          0          0          0          0          0          0          0          0          0          0          0      35737          0          0          0          0          0          0          0          0          0          0          0          0          0          0          0          0 IR-PCI-MSIX-0000:03:00.0   16-edge      enp3s0-16
 198:          0          0          0          0          0          0          0          0          0          0          0          0          0          0          0          0          0          0          0          0          0          0          0          0          0          0          0          0          0          0          0          0 IR-PCI-MSIX-0000:03:00.0   17-edge      enp3s0-17
 199:          0          0          0          0          0          0          0          0          0          0          0          0          0          0          0          0          0          0          0          0          0          0          0          0          0          0          0          0          0          0          0          0 IR-PCI-MSIX-0000:03:00.0   18-edge      enp3s0-18
 200:          0          0          0          0          0          0          0          0          0          0          0          0          0          0          0          0          0          0          0          0          0          0          0          0          0          0          0          0          0          0          0          0 IR-PCI-MSIX-0000:03:00.0   19-edge      enp3s0-19
 201:          0          0          0          0          0          0          0          0          0          0          0          0          0          0          0          0          0          0          0          0          0          0          0          0          0          0          0          0          0          0          0          0 IR-PCI-MSIX-0000:03:00.0   20-edge      enp3s0-20
 202:          0          0          0          0          0          0          0          0          0          0          0          0          0          0          0          0          0          0          0          0          3          0          0          0          0          0          0          0          0          0          0          0 IR-PCI-MSIX-0000:03:00.0   21-edge      enp3s0-21
 203:          0          0          0          0          0          0          0          0          0          0          0          0          0          0          0          0          0          0          0          0          0          0          0          0          0          0          0          0          0          0          0          0 IR-PCI-MSIX-0000:03:00.0   22-edge      enp3s0-22
 204:          0          0          0          0          0          0          0          0          0          0          0          0          0          0          0          0          0          0          0          0          0          0          0          0          0          0          0          0          0          0          0          0 IR-PCI-MSIX-0000:03:00.0   23-edge      enp3s0-23
 205:          0          0          0          0          0          0          0          0          0          0          0          0          0          0          0          0          0          0          0          0          0          0          0          0          0          0          0          0          0          0          0          0 IR-PCI-MSIX-0000:03:00.0   24-edge      enp3s0-24
 206:          0          0          0          0          0          0          0          0          0          0          0          0          0          0          0          0          0          0          0          0          0          0          0          0          0          0          0          0          0          0          0          0 IR-PCI-MSIX-0000:03:00.0   25-edge      enp3s0-25
 207:          0          0          0          0          0          0          0          0          0          0          0          0          0          0          0          0          0          0          0          0          0          0          0          0          0          0          0          0          0          0          0          0 IR-PCI-MSIX-0000:03:00.0   26-edge      enp3s0-26
 208:          0          0          0          0          0          0          0          0          0          0          0          0          0          0          0          0          0          0          0          0          0          0          0          0          0          0          0          0          0          0          0          0 IR-PCI-MSIX-0000:03:00.0   27-edge      enp3s0-27
 209:          0          0          0          0          0          0          0          0          0          0          0          0          0          0          0          0          0          0          0          0          0          0          0          0          0          0          0          0          0          0          0          0 IR-PCI-MSIX-0000:03:00.0   28-edge      enp3s0-28
 210:          0          0          0          0          0          0          0          0          0          0          0          0          0          0          0          0          0          0          0          0          0          0          0          0          0          0          0          0          0          0          0          0 IR-PCI-MSIX-0000:03:00.0   29-edge      enp3s0-29
 211:          0          0          0          0          0          0          0          0          0          0          0          0          0          0          0          0          0          0          0          0          0          0          0          0          0          0          0          0          0          0          0          0 IR-PCI-MSIX-0000:03:00.0   30-edge      enp3s0-30
 212:          0          0          0          0          0          0          0          0          0          0          0          0          0          0          0          0          0          0          0          0          0          0          0          0          0          0          0          0          0          0          0          0 IR-PCI-MSIX-0000:03:00.0   31-edge      enp3s0-31
