  29:          0          0          3          0          0          0          0          0          0          0          0          0          0          0          0          0          0          0          0          0          0          0          0          0          0          0          0          0          0          0          0          0 PCI-MSI-0000:00:00.2    0-edge      AMD-Vi
  30:          0          0          0          0          1          0          0          0          0          0          0          0          0          0          0          0          0          0          0          0          0          0          0          0          0          0          0          0          0          0          0          0 IR-PCI-MSI-0000:00:01.2    0-edge      PCIe PME, aerdrv, PCIe bwctrl
  31:          0          0          0          0          0          1          0          0          0          0          0          0          0          0          0          0          0          0          0          0          0          0          0          0          0          0          0          0          0          0          0          0 IR-PCI-MSI-0000:00:02.1    0-edge      PCIe PME, aerdrv, PCIe bwctrl
  32:          0          0          0          0          0          0          1          0          0          0          0          0          0          0          0          0          0          0          0          0          0          0          0          0          0          0          0          0          0          0          0          0 IR-PCI-MSI-0000:00:02.2    0-edge      PCIe PME, aerdrv, PCIe bwctrl
  33:          0          0          0          0          0          0          0          1          0          0          0          0          0          0          0          0          0          0          0          0          0          0          0          0          0          0          0          0          0          0          0          0 IR-PCI-MSI-0000:00:03.1    0-edge      PCIe PME, aerdrv, PCIe bwctrl
  34:          0          0          0          0          0          0          0          0          1          0          0          0          0          0          0          0          0          0          0          0          0          0          0          0          0          0          0          0          0          0          0          0 IR-PCI-MSI-0000:00:03.2    0-edge      PCIe PME, aerdrv, PCIe bwctrl
  35:          0          0          0          0          0          0          0          0          0          1          0          0          0          0          0          0          0          0          0          0          0          0          0          0          0          0          0          0          0          0          0          0 IR-PCI-MSI-0000:00:08.1    0-edge      PCIe PME, PCIe bwctrl
  36:          0          0          0          0          0          0          0          0          0          0          1          0          0          0          0          0          0          0          0          0          0          0          0          0          0          0          0          0          0          0          0          0 IR-PCI-MSI-0000:00:08.3    0-edge      PCIe PME, PCIe bwctrl
  38:          0          0          0          0          0          0          0          0          0          0          0        169          0          0          0          0          0          0          0          0          0          0          0          0          0          0          0          0          0          0          0          0 IR-PCI-MSIX-0000:01:00.3    0-edge      xhci_hcd
  47:          0          0          0          0          0          0          0          0          0          0          0          0        119          0          0          0          0          0          0          0          0          0          0          0          0          0          0          0          0          0          0          0 IR-PCI-MSIX-0000:01:00.4    0-edge      xhci_hcd
  56:          0          0          0          0          0          0          0          0          0          0          0          0          0        238          0          0          0          0          0          0          0          0          0          0          0          0          0          0          0          0          0          0 IR-PCI-MSIX-0000:02:00.0    0-edge      xhci_hcd
  66:          0          0          0          0          0          0          0          0          0          0          0          0          0          0          0          0          0          0          0          0          0          0          0          0          0          0          0          0          0          0          0          0 IR-PCI-MSIX-0000:01:00.2    0-edge      psp-1
  68:     459485          0          0          0          0          0          0          0          0          0          0          0          0          0          0          0          0          0          0          0          0          0          0          0          0          0          0          0          0          0          0          0 IR-PCI-MSIX-0000:03:00.0    0-edge      r8125_rust
  70:          0          0          0          0          0          0          0          0          0          0          0          0          0          0          0          0          0       2811          0          0          0          0          0          0          0          0          0          0          0          0          0          0 IR-PCI-MSIX-0000:07:00.0    0-edge      nvme0q0
  71:          0          0          0          0          0          0          0          0          0          0          0          0          0          0          0          0          0          0          4          0          0          0          0          0          0          0          0          0          0          0          0          0 IR-PCI-MSIX-0000:04:00.0    0-edge      enp4s0
  72:          0          0          0          0          0          0          0          0          0          0          0          0          0          0          0          0          0          0          0          0          0     128104          0          0          0          0          0          0          0          0          0          0 IR-PCI-MSIX-0000:04:00.0    1-edge      enp4s0-TxRx-0
  73:          0          0          0          0          0          0          0          0          0          0          0          0          0          0          0          0          0          0          0          0          0          0        190          0          0          0          0          0          0          0          0          0 IR-PCI-MSIX-0000:04:00.0    2-edge      enp4s0-TxRx-1
  74:          0          0          0          0          0          0          0          0          0          0          0          0          0          0          0          0          0          0          0          0          0          0          0     309281          0          0          0          0          0          0          0          0 IR-PCI-MSIX-0000:04:00.0    3-edge      enp4s0-TxRx-2
  75:          0          0          0          0          0          0          0          0          0          0          0          0          0          0          0          0          0          0          0          0          0          0          0          0     426516          0          0          0          0          0          0          0 IR-PCI-MSIX-0000:04:00.0    4-edge      enp4s0-TxRx-3
  76:          0          0          0          0          0          0          0          0          0          0          0          0          0          0          0          0          0      10866          0          0          0          0          0          0          0          0          0          0          0          0          0          0 IR-PCI-MSIX-0000:07:00.0    1-edge      nvme0q1
  77:          0          0          0          0          0          0          0          0          0          0          0          0          0          0          0          0          0          0          0       7240          0          0          0          0          0          0          0          0          0          0          0          0 IR-PCI-MSIX-0000:07:00.0    2-edge      nvme0q2
  78:          0          0          0          0          0          0          0          0          0          0          0          0          0          0          0          0          0          0          0          0      20206          0          0          0          0          0          0          0          0          0          0          0 IR-PCI-MSIX-0000:07:00.0    3-edge      nvme0q3
  79:          0          0          0          0          0          0          0          0          0          0          0          0          0          0          0          0          0          0          0          0          0       4856          0          0          0          0          0          0          0          0          0          0 IR-PCI-MSIX-0000:07:00.0    4-edge      nvme0q4
  80:          0          0          0          0          0          0          0          0          0          0          0          0          0          0          0          0          0          0          0          0          0          0       3460          0          0          0          0          0          0          0          0          0 IR-PCI-MSIX-0000:07:00.0    5-edge      nvme0q5
  81:          0          0          0          0          0          0          0          0          0          0          0          0          0          0          0          0          0          0          0          0          0          0          0       1840          0          0          0          0          0          0          0          0 IR-PCI-MSIX-0000:07:00.0    6-edge      nvme0q6
  82:          0          0          0          0          0          0          0          0          0          0          0          0          0          0          0          0          0          0          0          0          0          0          0          0       7559          0          0          0          0          0          0          0 IR-PCI-MSIX-0000:07:00.0    7-edge      nvme0q7
  83:          0          0          0          0          0          0          0          0          0          0          0          0          0          0          0          0          0          0          0          0          0          0          0          0          0       4890          0          0          0          0          0          0 IR-PCI-MSIX-0000:07:00.0    8-edge      nvme0q8
  84:          0          0          0          0          0          0          0          0          0          0          0          0          0          0          0          0          0          0          0          0          0          0          0          0          0          0       2477          0          0          0          0          0 IR-PCI-MSIX-0000:07:00.0    9-edge      nvme0q9
  85:          0          0          0          0          0          0          0          0          0          0          0          0          0          0          0          0          0          0          0          0          0          0          0          0          0          0          0       7014          0          0          0          0 IR-PCI-MSIX-0000:07:00.0   10-edge      nvme0q10
  86:          0          0          0          0          0          0          0          0          0          0          0          0          0          0          0          0          0          0          0          0          0          0          0          0          0          0          0          0       2062          0          0          0 IR-PCI-MSIX-0000:07:00.0   11-edge      nvme0q11
  87:          0          0          0          0          0          0          0          0          0          0          0          0          0          0          0          0          0          0          0          0          0          0          0          0          0          0          0          0          0       2716          0          0 IR-PCI-MSIX-0000:07:00.0   12-edge      nvme0q12
  88:          0          0          0          0          0          0          0          0          0          0          0          0          0          0          0          0          0          0          0          0          0          0          0          0          0          0          0          0          0          0       1680          0 IR-PCI-MSIX-0000:07:00.0   13-edge      nvme0q13
  89:          0          0          0          0          0          0          0          0          0          0          0          0          0          0          0          0          0          0          0          0          0          0          0          0          0          0          0          0          0          0          0       1417 IR-PCI-MSIX-0000:07:00.0   14-edge      nvme0q14
  90:          0          0          0          0          0          0          0          0          0          0          0          0          0          0          0          0          0          0      15065          0          0          0          0          0          0          0          0          0          0          0          0          0 IR-PCI-MSIX-0000:07:00.0   15-edge      nvme0q15
  91:          0          0          0          0          0          0          0          0          0          0          0          0          0          0          0          0      20884          0          0          0          0          0          0          0          0          0          0          0          0          0          0          0 IR-PCI-MSIX-0000:07:00.0   16-edge      nvme0q16
  92:          0          0          0          0          0          0          0          0          0          0          0          0          0          0          0          0          0          0          0          0          0          0          0          0          0          0          0          0          0          0          0          0 IR-PCI-MSIX-0000:05:00.0    0-edge      i40e-0000:05:00.0:misc
  93:          0          0          0          0          0          0          0          0          0          0          0          0          0          0          0          0          0          0          0          0          0          0          0          0          0          0          0          0          0          0          0          0 IR-PCI-MSIX-0000:05:00.0    1-edge      i40e-enp5s0f0np0-TxRx-0
  94:          0          0          0          0          0          0          0          0          0          0          0          0          0          0          0          0          0          0          0          0          0          0          0          0          0          0          0          0          0          0          0          0 IR-PCI-MSIX-0000:05:00.0    2-edge      i40e-enp5s0f0np0-TxRx-1
  95:          0          0          0          0          0          0          0          0          0          0          0          0          0          0          0          0          0          0          0          0          0          0          0          0          0          0          0          0          0          0          0          0 IR-PCI-MSIX-0000:05:00.0    3-edge      i40e-enp5s0f0np0-TxRx-2
  96:          0          0          0          0          0          0          0          0          0          0          0          0          0          0          0          0          0          0          0          0          0          0          0          0          0          0          0          0          0          0          0          0 IR-PCI-MSIX-0000:05:00.0    4-edge      i40e-enp5s0f0np0-TxRx-3
  97:          0          0          0          0          0          0          0          0          0          0          0          0          0          0          0          0          0          0          0          0          0          0          0          0          0          0          0          0          0          0          0          0 IR-PCI-MSIX-0000:05:00.0    5-edge      i40e-enp5s0f0np0-TxRx-4
  98:          0          0          0          0          0          0          0          0          0          0          0          0          0          0          0          0          0          0          0          0          0          0          0          0          0          0          0          0          0          0          0          0 IR-PCI-MSIX-0000:05:00.0    6-edge      i40e-enp5s0f0np0-TxRx-5
  99:          0          0          0          0          0          0          0          0          0          0          0          0          0          0          0          0          0          0          0          0          0          0          0          0          0          0          0          0          0          0          0          0 IR-PCI-MSIX-0000:05:00.0    7-edge      i40e-enp5s0f0np0-TxRx-6
 100:          0          0          0          0          0          0          0          0          0          0          0          0          0          0          0          0          0          0          0          0          0          0          0          0          0          0          0          0          0          0          0          0 IR-PCI-MSIX-0000:05:00.0    8-edge      i40e-enp5s0f0np0-TxRx-7
 101:          0          0          0          0          0          0          0          0          0          0          0          0          0          0          0          0          0          0          0          0          0          0          0          0          0          0          0          0          0          0          0          0 IR-PCI-MSIX-0000:05:00.0    9-edge      i40e-enp5s0f0np0-TxRx-8
 102:          0          0          0          0          0          0          0          0          0          0          0          0          0          0          0          0          0          0          0          0          0          0          0          0          0          0          0          0          0          0          0          0 IR-PCI-MSIX-0000:05:00.0   10-edge      i40e-enp5s0f0np0-TxRx-9
 103:          0          0          0          0          0          0          0          0          0          0          0          0          0          0          0          0          0          0          0          0          0          0          0          0          0          0          0          0          0          0          0          0 IR-PCI-MSIX-0000:05:00.0   11-edge      i40e-enp5s0f0np0-TxRx-10
 104:          0          0          0          0          0          0          0          0          0          0          0          0          0          0          0          0          0          0          0          0          0          0          0          0          0          0          0          0          0          0          0          0 IR-PCI-MSIX-0000:05:00.0   12-edge      i40e-enp5s0f0np0-TxRx-11
 105:          0          0          0          0          0          0          0          0          0          0          0          0          0          0          0          0          0          0          0          0          0          0          0          0          0          0          0          0          0          0          0          0 IR-PCI-MSIX-0000:05:00.0   13-edge      i40e-enp5s0f0np0-TxRx-12
 106:          0          0          0          0          0          0          0          0          0          0          0          0          0          0          0          0          0          0          0          0          0          0          0          0          0          0          0          0          0          0          0          0 IR-PCI-MSIX-0000:05:00.0   14-edge      i40e-enp5s0f0np0-TxRx-13
 107:          0          0          0          0          0          0          0          0          0          0          0          0          0          0          0          0          0          0          0          0          0          0          0          0          0          0          0          0          0          0          0          0 IR-PCI-MSIX-0000:05:00.0   15-edge      i40e-enp5s0f0np0-TxRx-14
 108:          0          0          0          0          0          0          0          0          0          0          0          0          0          0          0          0          0          0          0          0          0          0          0          0          0          0          0          0          0          0          0          0 IR-PCI-MSIX-0000:05:00.0   16-edge      i40e-enp5s0f0np0-TxRx-15
 109:          0          0          0          0          0          0          0          0          0          0          0          0          0          0          0          0          0          0          0          0          0          0          0          0          0          0          0          0          0          0          0          0 IR-PCI-MSIX-0000:05:00.0   17-edge      i40e-enp5s0f0np0-TxRx-16
 110:          0          0          0          0          0          0          0          0          0          0          0          0          0          0          0          0          0          0          0          0          0          0          0          0          0          0          0          0          0          0          0          0 IR-PCI-MSIX-0000:05:00.0   18-edge      i40e-enp5s0f0np0-TxRx-17
 111:          0          0          0          0          0          0          0          0          0          0          0          0          0          0          0          0          0          0          0          0          0          0          0          0          0          0          0          0          0          0          0          0 IR-PCI-MSIX-0000:05:00.0   19-edge      i40e-enp5s0f0np0-TxRx-18
 112:          0          0          0          0          0          0          0          0          0          0          0          0          0          0          0          0          0          0          0          0          0          0          0          0          0          0          0          0          0          0          0          0 IR-PCI-MSIX-0000:05:00.0   20-edge      i40e-enp5s0f0np0-TxRx-19
 113:          0          0          0          0          0          0          0          0          0          0          0          0          0          0          0          0          0          0          0          0          0          0          0          0          0          0          0          0          0          0          0          0 IR-PCI-MSIX-0000:05:00.0   21-edge      i40e-enp5s0f0np0-TxRx-20
 114:          0          0          0          0          0          0          0          0          0          0          0          0          0          0          0          0          0          0          0          0          0          0          0          0          0          0          0          0          0          0          0          0 IR-PCI-MSIX-0000:05:00.0   22-edge      i40e-enp5s0f0np0-TxRx-21
 115:          0          0          0          0          0          0          0          0          0          0          0          0          0          0          0          0          0          0          0          0          0          0          0          0          0          0          0          0          0          0          0          0 IR-PCI-MSIX-0000:05:00.0   23-edge      i40e-enp5s0f0np0-TxRx-22
 116:          0          0          0          0          0          0          0          0          0          0          0          0          0          0          0          0          0          0          0          0          0          0          0          0          0          0          0          0          0          0          0          0 IR-PCI-MSIX-0000:05:00.0   24-edge      i40e-enp5s0f0np0-TxRx-23
 117:          0          0          0          0          0          0          0          0          0          0          0          0          0          0          0          0          0          0          0          0          0          0          0          0          0          0          0          0          0          0          0          0 IR-PCI-MSIX-0000:05:00.0   25-edge      i40e-enp5s0f0np0-TxRx-24
 118:          0          0          0          0          0          0          0          0          0          0          0          0          0          0          0          0          0          0          0          0          0          0          0          0          0          0          0          0          0          0          0          0 IR-PCI-MSIX-0000:05:00.0   26-edge      i40e-enp5s0f0np0-TxRx-25
 119:          0          0          0          0          0          0          0          0          0          0          0          0          0          0          0          0          0          0          0          0          0          0          0          0          0          0          0          0          0          0          0          0 IR-PCI-MSIX-0000:05:00.0   27-edge      i40e-enp5s0f0np0-TxRx-26
 120:          0          0          0          0          0          0          0          0          0          0          0          0          0          0          0          0          0          0          0          0          0          0          0          0          0          0          0          0          0          0          0          0 IR-PCI-MSIX-0000:05:00.0   28-edge      i40e-enp5s0f0np0-TxRx-27
 121:          0          0          0          0          0          0          0          0          0          0          0          0          0          0          0          0          0          0          0          0          0          0          0          0          0          0          0          0          0          0          0          0 IR-PCI-MSIX-0000:05:00.0   29-edge      i40e-enp5s0f0np0-TxRx-28
 122:          0          0          0          0          0          0          0          0          0          0          0          0          0          0          0          0          0          0          0          0          0          0          0          0          0          0          0          0          0          0          0          0 IR-PCI-MSIX-0000:05:00.0   30-edge      i40e-enp5s0f0np0-TxRx-29
 123:          0          0          0          0          0          0          0          0          0          0          0          0          0          0          0          0          0          0          0          0          0          0          0          0          0          0          0          0          0          0          0          0 IR-PCI-MSIX-0000:05:00.0   31-edge      i40e-enp5s0f0np0-TxRx-30
 124:          0          0          0          0          0          0          0          0          0          0          0          0          0          0          0          0          0          0          0          0          0          0          0          0          0          0          0          0          0          0          0          0 IR-PCI-MSIX-0000:05:00.0   32-edge      i40e-enp5s0f0np0-TxRx-31
 125:          0          0          0          0          0          0          0          0          0          0          0          0          0          0          0          0          0          0          0          0          0          0          0          0          0          0          0          0          0          0          0          0 IR-PCI-MSIX-0000:05:00.0   33-edge      i40e-0000:05:00.0:fdir-TxRx-0
 134:          0          0          0          0          0          0          0          0          0          0          0          0          0          0          0          0          0          0          0          0          0          0          0          0          0          0          0          0          0          0          0          0 IR-PCI-MSIX-0000:05:00.1    0-edge      i40e-0000:05:00.1:misc
 135:          0          0          0          0          0          0          0          0          0          0          0          0          0          0          0          0          0          0          0          0          0          0          0          0          0          0          0          0          0          0          0          0 IR-PCI-MSIX-0000:05:00.1    1-edge      i40e-enp5s0f1np1-TxRx-0
 136:          0          0          0          0          0          0          0          0          0          0          0          0          0          0          0          0          0          0          0          0          0          0          0          0          0          0          0          0          0          0          0          0 IR-PCI-MSIX-0000:05:00.1    2-edge      i40e-enp5s0f1np1-TxRx-1
 137:          0          0          0          0          0          0          0          0          0          0          0          0          0          0          0          0          0          0          0          0          0          0          0          0          0          0          0          0          0          0          0          0 IR-PCI-MSIX-0000:05:00.1    3-edge      i40e-enp5s0f1np1-TxRx-2
 138:          0          0          0          0          0          0          0          0          0          0          0          0          0          0          0          0          0          0          0          0          0          0          0          0          0          0          0          0          0          0          0          0 IR-PCI-MSIX-0000:05:00.1    4-edge      i40e-enp5s0f1np1-TxRx-3
 139:          0          0          0          0          0          0          0          0          0          0          0          0          0          0          0          0          0          0          0          0          0          0          0          0          0          0          0          0          0          0          0          0 IR-PCI-MSIX-0000:05:00.1    5-edge      i40e-enp5s0f1np1-TxRx-4
 140:          0          0          0          0          0          0          0          0          0          0          0          0          0          0          0          0          0          0          0          0          0          0          0          0          0          0          0          0          0          0          0          0 IR-PCI-MSIX-0000:05:00.1    6-edge      i40e-enp5s0f1np1-TxRx-5
 141:          0          0          0          0          0          0          0          0          0          0          0          0          0          0          0          0          0          0          0          0          0          0          0          0          0          0          0          0          0          0          0          0 IR-PCI-MSIX-0000:05:00.1    7-edge      i40e-enp5s0f1np1-TxRx-6
 142:          0          0          0          0          0          0          0          0          0          0          0          0          0          0          0          0          0          0          0          0          0          0          0          0          0          0          0          0          0          0          0          0 IR-PCI-MSIX-0000:05:00.1    8-edge      i40e-enp5s0f1np1-TxRx-7
 143:          0          0          0          0          0          0          0          0          0          0          0          0          0          0          0          0          0          0          0          0          0          0          0          0          0          0          0          0          0          0          0          0 IR-PCI-MSIX-0000:05:00.1    9-edge      i40e-enp5s0f1np1-TxRx-8
 144:          0          0          0          0          0          0          0          0          0          0          0          0          0          0          0          0          0          0          0          0          0          0          0          0          0          0          0          0          0          0          0          0 IR-PCI-MSIX-0000:05:00.1   10-edge      i40e-enp5s0f1np1-TxRx-9
 145:          0          0          0          0          0          0          0          0          0          0          0          0          0          0          0          0          0          0          0          0          0          0          0          0          0          0          0          0          0          0          0          0 IR-PCI-MSIX-0000:05:00.1   11-edge      i40e-enp5s0f1np1-TxRx-10
 146:          0          0          0          0          0          0          0          0          0          0          0          0          0          0          0          0          0          0          0          0          0          0          0          0          0          0          0          0          0          0          0          0 IR-PCI-MSIX-0000:05:00.1   12-edge      i40e-enp5s0f1np1-TxRx-11
 147:          0          0          0          0          0          0          0          0          0          0          0          0          0          0          0          0          0          0          0          0          0          0          0          0          0          0          0          0          0          0          0          0 IR-PCI-MSIX-0000:05:00.1   13-edge      i40e-enp5s0f1np1-TxRx-12
 148:          0          0          0          0          0          0          0          0          0          0          0          0          0          0          0          0          0          0          0          0          0          0          0          0          0          0          0          0          0          0          0          0 IR-PCI-MSIX-0000:05:00.1   14-edge      i40e-enp5s0f1np1-TxRx-13
 149:          0          0          0          0          0          0          0          0          0          0          0          0          0          0          0          0          0          0          0          0          0          0          0          0          0          0          0          0          0          0          0          0 IR-PCI-MSIX-0000:05:00.1   15-edge      i40e-enp5s0f1np1-TxRx-14
 150:          0          0          0          0          0          0          0          0          0          0          0          0          0          0          0          0          0          0          0          0          0          0          0          0          0          0          0          0          0          0          0          0 IR-PCI-MSIX-0000:05:00.1   16-edge      i40e-enp5s0f1np1-TxRx-15
 151:          0          0          0          0          0          0          0          0          0          0          0          0          0          0          0          0          0          0          0          0          0          0          0          0          0          0          0          0          0          0          0          0 IR-PCI-MSIX-0000:05:00.1   17-edge      i40e-enp5s0f1np1-TxRx-16
 152:          0          0          0          0          0          0          0          0          0          0          0          0          0          0          0          0          0          0          0          0          0          0          0          0          0          0          0          0          0          0          0          0 IR-PCI-MSIX-0000:05:00.1   18-edge      i40e-enp5s0f1np1-TxRx-17
 153:          0          0          0          0          0          0          0          0          0          0          0          0          0          0          0          0          0          0          0          0          0          0          0          0          0          0          0          0          0          0          0          0 IR-PCI-MSIX-0000:05:00.1   19-edge      i40e-enp5s0f1np1-TxRx-18
 154:          0          0          0          0          0          0          0          0          0          0          0          0          0          0          0          0          0          0          0          0          0          0          0          0          0          0          0          0          0          0          0          0 IR-PCI-MSIX-0000:05:00.1   20-edge      i40e-enp5s0f1np1-TxRx-19
 155:          0          0          0          0          0          0          0          0          0          0          0          0          0          0          0          0          0          0          0          0          0          0          0          0          0          0          0          0          0          0          0          0 IR-PCI-MSIX-0000:05:00.1   21-edge      i40e-enp5s0f1np1-TxRx-20
 156:          0          0          0          0          0          0          0          0          0          0          0          0          0          0          0          0          0          0          0          0          0          0          0          0          0          0          0          0          0          0          0          0 IR-PCI-MSIX-0000:05:00.1   22-edge      i40e-enp5s0f1np1-TxRx-21
 157:          0          0          0          0          0          0          0          0          0          0          0          0          0          0          0          0          0          0          0          0          0          0          0          0          0          0          0          0          0          0          0          0 IR-PCI-MSIX-0000:05:00.1   23-edge      i40e-enp5s0f1np1-TxRx-22
 158:          0          0          0          0          0          0          0          0          0          0          0          0          0          0          0          0          0          0          0          0          0          0          0          0          0          0          0          0          0          0          0          0 IR-PCI-MSIX-0000:05:00.1   24-edge      i40e-enp5s0f1np1-TxRx-23
 159:          0          0          0          0          0          0          0          0          0          0          0          0          0          0          0          0          0          0          0          0          0          0          0          0          0          0          0          0          0          0          0          0 IR-PCI-MSIX-0000:05:00.1   25-edge      i40e-enp5s0f1np1-TxRx-24
 160:          0          0          0          0          0          0          0          0          0          0          0          0          0          0          0          0          0          0          0          0          0          0          0          0          0          0          0          0          0          0          0          0 IR-PCI-MSIX-0000:05:00.1   26-edge      i40e-enp5s0f1np1-TxRx-25
 161:          0          0          0          0          0          0          0          0          0          0          0          0          0          0          0          0          0          0          0          0          0          0          0          0          0          0          0          0          0          0          0          0 IR-PCI-MSIX-0000:05:00.1   27-edge      i40e-enp5s0f1np1-TxRx-26
 162:          0          0          0          0          0          0          0          0          0          0          0          0          0          0          0          0          0          0          0          0          0          0          0          0          0          0          0          0          0          0          0          0 IR-PCI-MSIX-0000:05:00.1   28-edge      i40e-enp5s0f1np1-TxRx-27
 163:          0          0          0          0          0          0          0          0          0          0          0          0          0          0          0          0          0          0          0          0          0          0          0          0          0          0          0          0          0          0          0          0 IR-PCI-MSIX-0000:05:00.1   29-edge      i40e-enp5s0f1np1-TxRx-28
 164:          0          0          0          0          0          0          0          0          0          0          0          0          0          0          0          0          0          0          0          0          0          0          0          0          0          0          0          0          0          0          0          0 IR-PCI-MSIX-0000:05:00.1   30-edge      i40e-enp5s0f1np1-TxRx-29
 165:          0          0          0          0          0          0          0          0          0          0          0          0          0          0          0          0          0          0          0          0          0          0          0          0          0          0          0          0          0          0          0          0 IR-PCI-MSIX-0000:05:00.1   31-edge      i40e-enp5s0f1np1-TxRx-30
 166:          0          0          0          0          0          0          0          0          0          0          0          0          0          0          0          0          0          0          0          0          0          0          0          0          0          0          0          0          0          0          0          0 IR-PCI-MSIX-0000:05:00.1   32-edge      i40e-enp5s0f1np1-TxRx-31
 167:          0          0          0          0          0          0          0          0          0          0          0          0          0          0          0          0          0          0          0          0          0          0          0          0          0          0          0          0          0          0          0          0 IR-PCI-MSIX-0000:05:00.1   33-edge      i40e-0000:05:00.1:fdir-TxRx-0
 177:          0          0          0          0          0          0          0          0          0          0          0          0          0          0          0          0          0          0          0          0          0          0          0          0          0          0          0          0         86          0          0          0 IR-PCI-MSI-0000:01:00.1    0-edge      snd_hda_intel:card0
 178:          0          0          0          0          0          0          0          0          0          0          0          0          0          0          0          0          0          0          0          0          0          0          0          0          0          0          0          0          0        219          0          0 IR-PCI-MSI-0000:01:00.6    0-edge      snd_hda_intel:card1
 180:          0          0          0          0          0          0          0          0          0          0          0          0          0          0          0          0          0          0          0          0          0          0          0          0          0          0          0          0          0          0    3744205          0 IR-PCI-MSI-0000:06:00.0    0-edge      mt7921e
 181:          0          0          0          0          0          0          0          0          0          0          0          0          0          0          0          0          0          0          0          0          0          0          0          0          0          0          0          0          0          0          0     475830 IR-PCI-MSIX-0000:01:00.0    0-edge      amdgpu
 197:    3045246          0          0          0          0          0          0          0          0          0          0          0          0          0          0          0          0          0          0          0          0          0          0          0          0          0          0          0          0          0          0          0 IR-PCI-MSIX-0000:03:00.0   16-edge      r8125_rust
 202:          1          0          0          0          0          0          0          0          0          0          0          0          0          0          0          0          0          0          0          0          0          0          0          0          0          0          0          0          0          0          0          0 IR-PCI-MSIX-0000:03:00.0   21-edge      r8125_rust
