            CPU0       CPU1       CPU2       CPU3       CPU4       CPU5       CPU6       CPU7       CPU8       CPU9       CPU10      CPU11      CPU12      CPU13      CPU14      CPU15      CPU16      CPU17      CPU18      CPU19      CPU20      CPU21      CPU22      CPU23      CPU24      CPU25      CPU26      CPU27      CPU28      CPU29      CPU30      CPU31
   0:        130          0          0          0          0          0          0          0          0          0          0          0          0          0          0          0          0          0          0          0          0          0          0          0          0          0          0          0          0          0          0          0 IR-IO-APIC    2-edge      timer
   1:          0          0          0          0          0          0          0          0          0          0          0          0          0          0          3          0          0          0          0          0          0          0          0          0          0          0          0          0          0          0          0          0 IR-IO-APIC    1-edge      i8042
   7:          0          0          0          0          0          0          0          0          0          0          0          0          0          0          0          0          0          0          0          0          0          0          0          0          0          0          0          0          0          0          0          0 IR-IO-APIC    7-fasteoi   pinctrl_amd
   8:          0          0          0          0          0          0          0          0          0          0          0          0          0          0          0          0          0          0          0          0          0          0          0          0          0          0          0          0          0          0          0          0 IR-IO-APIC    8-edge      rtc0
   9:          0          0          0          0          0          0          0          0          0          0          0          0          0          0          0          0          0          0          0          0          0          0          0          0          0          0          0          0          0          0          0          0 IR-IO-APIC    9-fasteoi   acpi
  29:          0          0          2          0          0          0          0          0          0          0          0          0          0          0          0          0          0          0          0          0          0          0          0          0          0          0          0          0          0          0          0          0 PCI-MSI-0000:00:00.2    0-edge      AMD-Vi
  30:          0          0          0          0          1          0          0          0          0          0          0          0          0          0          0          0          0          0          0          0          0          0          0          0          0          0          0          0          0          0          0          0 IR-PCI-MSI-0000:00:01.2    0-edge      PCIe PME, aerdrv, PCIe bwctrl
  31:          0          0          0          0          0          1          0          0          0          0          0          0          0          0          0          0          0          0          0          0          0          0          0          0          0          0          0          0          0          0          0          0 IR-PCI-MSI-0000:00:02.1    0-edge      PCIe PME, aerdrv, PCIe bwctrl
  32:          0          0          0          0          0          0          1          0          0          0          0          0          0          0          0          0          0          0          0          0          0          0          0          0          0          0          0          0          0          0          0          0 IR-PCI-MSI-0000:00:02.2    0-edge      PCIe PME, aerdrv, PCIe bwctrl
  33:          0          0          0          0          0          0          0          1          0          0          0          0          0          0          0          0          0          0          0          0          0          0          0          0          0          0          0          0          0          0          0          0 IR-PCI-MSI-0000:00:03.1    0-edge      PCIe PME, aerdrv, PCIe bwctrl
  34:          0          0          0          0          0          0          0          0          1          0          0          0          0          0          0          0          0          0          0          0          0          0          0          0          0          0          0          0          0          0          0          0 IR-PCI-MSI-0000:00:03.2    0-edge      PCIe PME, aerdrv, PCIe bwctrl
  35:          0          0          0          0          0          0          0          0          0          1          0          0          0          0          0          0          0          0          0          0          0          0          0          0          0          0          0          0          0          0          0          0 IR-PCI-MSI-0000:00:08.1    0-edge      PCIe PME, PCIe bwctrl
  36:          0          0          0          0          0          0          0          0          0          0          1          0          0          0          0          0          0          0          0          0          0          0          0          0          0          0          0          0          0          0          0          0 IR-PCI-MSI-0000:00:08.3    0-edge      PCIe PME, PCIe bwctrl
  38:          0          0          0          0          0          0          0          0          0          0          0        169          0          0          0          0          0          0          0          0          0          0          0          0          0          0          0          0          0          0          0          0 IR-PCI-MSIX-0000:01:00.3    0-edge      xhci_hcd
  47:          0          0          0          0          0          0          0          0          0          0          0          0        119          0          0          0          0          0          0          0          0          0          0          0          0          0          0          0          0          0          0          0 IR-PCI-MSIX-0000:01:00.4    0-edge      xhci_hcd
  56:          0          0          0          0          0          0          0          0          0          0          0          0          0        238          0          0          0          0          0          0          0          0          0          0          0          0          0          0          0          0          0          0 IR-PCI-MSIX-0000:02:00.0    0-edge      xhci_hcd
  66:          0          0          0          0          0          0          0          0          0          0          0          0          0          0          0          0          0          0          0          0          0          0          0          0          0          0          0          0          0          0          0          0 IR-PCI-MSIX-0000:01:00.2    0-edge      psp-1
  68:          0          0          0          0          0          0          0          0          0          0          0          0          0          0          0          0          0          0          0          0          0          0          0          0          0          0          0          0          0          0          0          0 IR-PCI-MSIX-0000:03:00.0    0-edge      r8125_rust
  70:          0          0          0          0          0          0          0          0          0          0          0          0          0          0          0          0          0       2585          0          0          0          0          0          0          0          0          0          0          0          0          0          0 IR-PCI-MSIX-0000:07:00.0    0-edge      nvme0q0
  71:          0          0          0          0          0          0          0          0          0          0          0          0          0          0          0          0          0          0         50          0          0          0          0          0          0          0          0          0          0          0          0          0 IR-PCI-MSIX-0000:04:00.0    0-edge      enp4s0
  72:          0          0          0          0          0          0          0          0          0          0          0          0          0          0          0          0          0          0          0          0          0    4286470          0          0          0          0          0          0          0          0          0          0 IR-PCI-MSIX-0000:04:00.0    1-edge      enp4s0-TxRx-0
  73:          0          0          0          0          0          0          0          0          0          0          0          0          0          0          0          0          0          0          0          0          0          0    4934258          0          0          0          0          0          0          0          0          0 IR-PCI-MSIX-0000:04:00.0    2-edge      enp4s0-TxRx-1
  74:          0          0          0          0          0          0          0          0          0          0          0          0          0          0          0          0          0          0          0          0          0          0          0    4756113          0          0          0          0          0          0          0          0 IR-PCI-MSIX-0000:04:00.0    3-edge      enp4s0-TxRx-2
  75:          0          0          0          0          0          0          0          0          0          0          0          0          0          0          0          0          0          0          0          0          0          0          0          0    4430286          0          0          0          0          0          0          0 IR-PCI-MSIX-0000:04:00.0    4-edge      enp4s0-TxRx-3
  76:          0          0          0          0          0          0          0          0          0          0          0          0          0          0          0          0          0      10221          0          0          0          0          0          0          0          0          0          0          0          0          0          0 IR-PCI-MSIX-0000:07:00.0    1-edge      nvme0q1
  77:          0          0          0          0          0          0          0          0          0          0          0          0          0          0          0          0          0          0          0       6626          0          0          0          0          0          0          0          0          0          0          0          0 IR-PCI-MSIX-0000:07:00.0    2-edge      nvme0q2
  78:          0          0          0          0          0          0          0          0          0          0          0          0          0          0          0          0          0          0          0          0      18459          0          0          0          0          0          0          0          0          0          0          0 IR-PCI-MSIX-0000:07:00.0    3-edge      nvme0q3
  79:          0          0          0          0          0          0          0          0          0          0          0          0          0          0          0          0          0          0          0          0          0       4394          0          0          0          0          0          0          0          0          0          0 IR-PCI-MSIX-0000:07:00.0    4-edge      nvme0q4
  80:          0          0          0          0          0          0          0          0          0          0          0          0          0          0          0          0          0          0          0          0          0          0       3288          0          0          0          0          0          0          0          0          0 IR-PCI-MSIX-0000:07:00.0    5-edge      nvme0q5
  81:          0          0          0          0          0          0          0          0          0          0          0          0          0          0          0          0          0          0          0          0          0          0          0       1822          0          0          0          0          0          0          0          0 IR-PCI-MSIX-0000:07:00.0    6-edge      nvme0q6
  82:          0          0          0          0          0          0          0          0          0          0          0          0          0          0          0          0          0          0          0          0          0          0          0          0       3983          0          0          0          0          0          0          0 IR-PCI-MSIX-0000:07:00.0    7-edge      nvme0q7
  83:          0          0          0          0          0          0          0          0          0          0          0          0          0          0          0          0          0          0          0          0          0          0          0          0          0       4620          0          0          0          0          0          0 IR-PCI-MSIX-0000:07:00.0    8-edge      nvme0q8
  84:          0          0          0          0          0          0          0          0          0          0          0          0          0          0          0          0          0          0          0          0          0          0          0          0          0          0       2214          0          0          0          0          0 IR-PCI-MSIX-0000:07:00.0    9-edge      nvme0q9
  85:          0          0          0          0          0          0          0          0          0          0          0          0          0          0          0          0          0          0          0          0          0          0          0          0          0          0          0       6471          0          0          0          0 IR-PCI-MSIX-0000:07:00.0   10-edge      nvme0q10
  86:          0          0          0          0          0          0          0          0          0          0          0          0          0          0          0          0          0          0          0          0          0          0          0          0          0          0          0          0       1993          0          0          0 IR-PCI-MSIX-0000:07:00.0   11-edge      nvme0q11
  87:          0          0          0          0          0          0          0          0          0          0          0          0          0          0          0          0          0          0          0          0          0          0          0          0          0          0          0          0          0       2571          0          0 IR-PCI-MSIX-0000:07:00.0   12-edge      nvme0q12
  88:          0          0          0          0          0          0          0          0          0          0          0          0          0          0          0          0          0          0          0          0          0          0          0          0          0          0          0          0          0          0       1372          0 IR-PCI-MSIX-0000:07:00.0   13-edge      nvme0q13
  89:          0          0          0          0          0          0          0          0          0          0          0          0          0          0          0          0          0          0          0          0          0          0          0          0          0          0          0          0          0          0          0       1261 IR-PCI-MSIX-0000:07:00.0   14-edge      nvme0q14
  90:          0          0          0          0          0          0          0          0          0          0          0          0          0          0          0          0          0          0      14032          0          0          0          0          0          0          0          0          0          0          0          0          0 IR-PCI-MSIX-0000:07:00.0   15-edge      nvme0q15
  91:          0          0          0          0          0          0          0          0          0          0          0          0          0          0          0          0      20029          0          0          0          0          0          0          0          0          0          0          0          0          0          0          0 IR-PCI-MSIX-0000:07:00.0   16-edge      nvme0q16
  92:          0          0          0          0          0          0          0          0          0          0          0          0          0          0          0          0          0          0          0          0          0          0          0          0          0          0          0          0          0          0          0          0 IR-PCI-MSIX-0000:05:00.0    0-edge      i40e-0000:05:00.0:misc
  93:          0          0          0          0          0          0          0          0          0          0          0          0          0          0          0          0          0          0          0          0          0          0          0          0          0          0          0          0          0          0          0          0 IR-PCI-MSIX-0000:05:00.0    1-edge      i40e-enp5s0f0np0-TxRx-0
  94:          0          0          0          0          0          0          0          0          0          0          0          0          0          0          0          0          0          0          0          0          0          0          0          0          0          0          0          0          0          0          0          0 IR-PCI-MSIX-0000:05:00.0    2-edge      i40e-enp5s0f0np0-TxRx-1
  95:          0          0          0          0          0          0          0          0          0          0          0          0          0          0          0          0          0          0          0          0          0          0          0          0          0          0          0          0          0          0          0          0 IR-PCI-MSIX-0000:05:00.0    3-edge      i40e-enp5s0f0np0-TxRx-2
  96:          0          0          0          0          0          0          0          0          0          0          0          0          0          0          0          0          0          0          0          0          0          0          0          0          0          0          0          0          0          0          0          0 IR-PCI-MSIX-0000:05:00.0    4-edge      i40e-enp5s0f0np0-TxRx-3
  97:          0          0          0          0          0          0          0          0          0          0          0          0          0          0          0          0          0          0          0          0          0          0          0          0          0          0          0          0          0          0          0          0 IR-PCI-MSIX-0000:05:00.0    5-edge      i40e-enp5s0f0np0-TxRx-4
  98:          0          0          0          0          0          0          0          0          0          0          0          0          0          0          0          0          0          0          0          0          0          0          0          0          0          0          0          0          0          0          0          0 IR-PCI-MSIX-0000:05:00.0    6-edge      i40e-enp5s0f0np0-TxRx-5
  99:          0          0          0          0          0          0          0          0          0          0          0          0          0          0          0          0          0          0          0          0          0          0          0          0          0          0          0          0          0          0          0          0 IR-PCI-MSIX-0000:05:00.0    7-edge      i40e-enp5s0f0np0-TxRx-6
 100:          0          0          0          0          0          0          0          0          0          0          0          0          0          0          0          0          0          0          0          0          0          0          0          0          0          0          0          0          0          0          0          0 IR-PCI-MSIX-0000:05:00.0    8-edge      i40e-enp5s0f0np0-TxRx-7
 101:          0          0          0          0          0          0          0          0          0          0          0          0          0          0          0          0          0          0          0          0          0          0          0          0          0          0          0          0          0          0          0          0 IR-PCI-MSIX-0000:05:00.0    9-edge      i40e-enp5s0f0np0-TxRx-8
 102:          0          0          0          0          0          0          0          0          0          0          0          0          0          0          0          0          0          0          0          0          0          0          0          0          0          0          0          0          0          0          0          0 IR-PCI-MSIX-0000:05:00.0   10-edge      i40e-enp5s0f0np0-TxRx-9
 103:          0          0          0          0          0          0          0          0          0          0          0          0          0          0          0          0          0          0          0          0          0          0          0          0          0          0          0          0          0          0          0          0 IR-PCI-MSIX-0000:05:00.0   11-edge      i40e-enp5s0f0np0-TxRx-10
 104:          0          0          0          0          0          0          0          0          0          0          0          0          0          0          0          0          0          0          0          0          0          0          0          0          0          0          0          0          0          0          0          0 IR-PCI-MSIX-0000:05:00.0   12-edge      i40e-enp5s0f0np0-TxRx-11
 105:          0          0          0          0          0          0          0          0          0          0          0          0          0          0          0          0          0          0          0          0          0          0          0          0          0          0          0          0          0          0          0          0 IR-PCI-MSIX-0000:05:00.0   13-edge      i40e-enp5s0f0np0-TxRx-12
 106:          0          0          0          0          0          0          0          0          0          0          0          0          0          0          0          0          0          0          0          0          0          0          0          0          0          0          0          0          0          0          0          0 IR-PCI-MSIX-0000:05:00.0   14-edge      i40e-enp5s0f0np0-TxRx-13
 107:          0          0          0          0          0          0          0          0          0          0          0          0          0          0          0          0          0          0          0          0          0          0          0          0          0          0          0          0          0          0          0          0 IR-PCI-MSIX-0000:05:00.0   15-edge      i40e-enp5s0f0np0-TxRx-14
 108:          0          0          0          0          0          0          0          0          0          0          0          0          0          0          0          0          0          0          0          0          0          0          0          0          0          0          0          0          0          0          0          0 IR-PCI-MSIX-0000:05:00.0   16-edge      i40e-enp5s0f0np0-TxRx-15
 109:          0          0          0          0          0          0          0          0          0          0          0          0          0          0          0          0          0          0          0          0          0          0          0          0          0          0          0          0          0          0          0          0 IR-PCI-MSIX-0000:05:00.0   17-edge      i40e-enp5s0f0np0-TxRx-16
 110:          0          0          0          0          0          0          0          0          0          0          0          0          0          0          0          0          0          0          0          0          0          0          0          0          0          0          0          0          0          0          0          0 IR-PCI-MSIX-0000:05:00.0   18-edge      i40e-enp5s0f0np0-TxRx-17
 111:          0          0          0          0          0          0          0          0          0          0          0          0          0          0          0          0          0          0          0          0          0          0          0          0          0          0          0          0          0          0          0          0 IR-PCI-MSIX-0000:05:00.0   19-edge      i40e-enp5s0f0np0-TxRx-18
 112:          0          0          0          0          0          0          0          0          0          0          0          0          0          0          0          0          0          0          0          0          0          0          0          0          0          0          0          0          0          0          0          0 IR-PCI-MSIX-0000:05:00.0   20-edge      i40e-enp5s0f0np0-TxRx-19
 113:          0          0          0          0          0          0          0          0          0          0          0          0          0          0          0          0          0          0          0          0          0          0          0          0          0          0          0          0          0          0          0          0 IR-PCI-MSIX-0000:05:00.0   21-edge      i40e-enp5s0f0np0-TxRx-20
 114:          0          0          0          0          0          0          0          0          0          0          0          0          0          0          0          0          0          0          0          0          0          0          0          0          0          0          0          0          0          0          0          0 IR-PCI-MSIX-0000:05:00.0   22-edge      i40e-enp5s0f0np0-TxRx-21
 115:          0          0          0          0          0          0          0          0          0          0          0          0          0          0          0          0          0          0          0          0          0          0          0          0          0          0          0          0          0          0          0          0 IR-PCI-MSIX-0000:05:00.0   23-edge      i40e-enp5s0f0np0-TxRx-22
 116:          0          0          0          0          0          0          0          0          0          0          0          0          0          0          0          0          0          0          0          0          0          0          0          0          0          0          0          0          0          0          0          0 IR-PCI-MSIX-0000:05:00.0   24-edge      i40e-enp5s0f0np0-TxRx-23
 117:          0          0          0          0          0          0          0          0          0          0          0          0          0          0          0          0          0          0          0          0          0          0          0          0          0          0          0          0          0          0          0          0 IR-PCI-MSIX-0000:05:00.0   25-edge      i40e-enp5s0f0np0-TxRx-24
 118:          0          0          0          0          0          0          0          0          0          0          0          0          0          0          0          0          0          0          0          0          0          0          0          0          0          0          0          0          0          0          0          0 IR-PCI-MSIX-0000:05:00.0   26-edge      i40e-enp5s0f0np0-TxRx-25
 119:          0          0          0          0          0          0          0          0          0          0          0          0          0          0          0          0          0          0          0          0          0          0          0          0          0          0          0          0          0          0          0          0 IR-PCI-MSIX-0000:05:00.0   27-edge      i40e-enp5s0f0np0-TxRx-26
 120:          0          0          0          0          0          0          0          0          0          0          0          0          0          0          0          0          0          0          0          0          0          0          0          0          0          0          0          0          0          0          0          0 IR-PCI-MSIX-0000:05:00.0   28-edge      i40e-enp5s0f0np0-TxRx-27
 121:          0          0          0          0          0          0          0          0          0          0          0          0          0          0          0          0          0          0          0          0          0          0          0          0          0          0          0          0          0          0          0          0 IR-PCI-MSIX-0000:05:00.0   29-edge      i40e-enp5s0f0np0-TxRx-28
 122:          0          0          0          0          0          0          0          0          0          0          0          0          0          0          0          0          0          0          0          0          0          0          0          0          0          0          0          0          0          0          0          0 IR-PCI-MSIX-0000:05:00.0   30-edge      i40e-enp5s0f0np0-TxRx-29
 123:          0          0          0          0          0          0          0          0          0          0          0          0          0          0          0          0          0          0          0          0          0          0          0          0          0          0          0          0          0          0          0          0 IR-PCI-MSIX-0000:05:00.0   31-edge      i40e-enp5s0f0np0-TxRx-30
 124:          0          0          0          0          0          0          0          0          0          0          0          0          0          0          0          0          0          0          0          0          0          0          0          0          0          0          0          0          0          0          0          0 IR-PCI-MSIX-0000:05:00.0   32-edge      i40e-enp5s0f0np0-TxRx-31
 125:          0          0          0          0          0          0          0          0          0          0          0          0          0          0          0          0          0          0          0          0          0          0          0          0          0          0          0          0          0          0          0          0 IR-PCI-MSIX-0000:05:00.0   33-edge      i40e-0000:05:00.0:fdir-TxRx-0
 134:          0          0          0          0          0          0          0          0          0          0          0          0          0          0          0          0          0          0          0          0          0          0          0          0          0          0          0          0          0          0          0          0 IR-PCI-MSIX-0000:05:00.1    0-edge      i40e-0000:05:00.1:misc
 135:          0          0          0          0          0          0          0          0          0          0          0          0          0          0          0          0          0          0          0          0          0          0          0          0          0          0          0          0          0          0          0          0 IR-PCI-MSIX-0000:05:00.1    1-edge      i40e-enp5s0f1np1-TxRx-0
 136:          0          0          0          0          0          0          0          0          0          0          0          0          0          0          0          0          0          0          0          0          0          0          0          0          0          0          0          0          0          0          0          0 IR-PCI-MSIX-0000:05:00.1    2-edge      i40e-enp5s0f1np1-TxRx-1
 137:          0          0          0          0          0          0          0          0          0          0          0          0          0          0          0          0          0          0          0          0          0          0          0          0          0          0          0          0          0          0          0          0 IR-PCI-MSIX-0000:05:00.1    3-edge      i40e-enp5s0f1np1-TxRx-2
 138:          0          0          0          0          0          0          0          0          0          0          0          0          0          0          0          0          0          0          0          0          0          0          0          0          0          0          0          0          0          0          0          0 IR-PCI-MSIX-0000:05:00.1    4-edge      i40e-enp5s0f1np1-TxRx-3
 139:          0          0          0          0          0          0          0          0          0          0          0          0          0          0          0          0          0          0          0          0          0          0          0          0          0          0          0          0          0          0          0          0 IR-PCI-MSIX-0000:05:00.1    5-edge      i40e-enp5s0f1np1-TxRx-4
 140:          0          0          0          0          0          0          0          0          0          0          0          0          0          0          0          0          0          0          0          0          0          0          0          0          0          0          0          0          0          0          0          0 IR-PCI-MSIX-0000:05:00.1    6-edge      i40e-enp5s0f1np1-TxRx-5
 141:          0          0          0          0          0          0          0          0          0          0          0          0          0          0          0          0          0          0          0          0          0          0          0          0          0          0          0          0          0          0          0          0 IR-PCI-MSIX-0000:05:00.1    7-edge      i40e-enp5s0f1np1-TxRx-6
 142:          0          0          0          0          0          0          0          0          0          0          0          0          0          0          0          0          0          0          0          0          0          0          0          0          0          0          0          0          0          0          0          0 IR-PCI-MSIX-0000:05:00.1    8-edge      i40e-enp5s0f1np1-TxRx-7
 143:          0          0          0          0          0          0          0          0          0          0          0          0          0          0          0          0          0          0          0          0          0          0          0          0          0          0          0          0          0          0          0          0 IR-PCI-MSIX-0000:05:00.1    9-edge      i40e-enp5s0f1np1-TxRx-8
 144:          0          0          0          0          0          0          0          0          0          0          0          0          0          0          0          0          0          0          0          0          0          0          0          0          0          0          0          0          0          0          0          0 IR-PCI-MSIX-0000:05:00.1   10-edge      i40e-enp5s0f1np1-TxRx-9
 145:          0          0          0          0          0          0          0          0          0          0          0          0          0          0          0          0          0          0          0          0          0          0          0          0          0          0          0          0          0          0          0          0 IR-PCI-MSIX-0000:05:00.1   11-edge      i40e-enp5s0f1np1-TxRx-10
 146:          0          0          0          0          0          0          0          0          0          0          0          0          0          0          0          0          0          0          0          0          0          0          0          0          0          0          0          0          0          0          0          0 IR-PCI-MSIX-0000:05:00.1   12-edge      i40e-enp5s0f1np1-TxRx-11
 147:          0          0          0          0          0          0          0          0          0          0          0          0          0          0          0          0          0          0          0          0          0          0          0          0          0          0          0          0          0          0          0          0 IR-PCI-MSIX-0000:05:00.1   13-edge      i40e-enp5s0f1np1-TxRx-12
 148:          0          0          0          0          0          0          0          0          0          0          0          0          0          0          0          0          0          0          0          0          0          0          0          0          0          0          0          0          0          0          0          0 IR-PCI-MSIX-0000:05:00.1   14-edge      i40e-enp5s0f1np1-TxRx-13
 149:          0          0          0          0          0          0          0          0          0          0          0          0          0          0          0          0          0          0          0          0          0          0          0          0          0          0          0          0          0          0          0          0 IR-PCI-MSIX-0000:05:00.1   15-edge      i40e-enp5s0f1np1-TxRx-14
 150:          0          0          0          0          0          0          0          0          0          0          0          0          0          0          0          0          0          0          0          0          0          0          0          0          0          0          0          0          0          0          0          0 IR-PCI-MSIX-0000:05:00.1   16-edge      i40e-enp5s0f1np1-TxRx-15
 151:          0          0          0          0          0          0          0          0          0          0          0          0          0          0          0          0          0          0          0          0          0          0          0          0          0          0          0          0          0          0          0          0 IR-PCI-MSIX-0000:05:00.1   17-edge      i40e-enp5s0f1np1-TxRx-16
 152:          0          0          0          0          0          0          0          0          0          0          0          0          0          0          0          0          0          0          0          0          0          0          0          0          0          0          0          0          0          0          0          0 IR-PCI-MSIX-0000:05:00.1   18-edge      i40e-enp5s0f1np1-TxRx-17
 153:          0          0          0          0          0          0          0          0          0          0          0          0          0          0          0          0          0          0          0          0          0          0          0          0          0          0          0          0          0          0          0          0 IR-PCI-MSIX-0000:05:00.1   19-edge      i40e-enp5s0f1np1-TxRx-18
 154:          0          0          0          0          0          0          0          0          0          0          0          0          0          0          0          0          0          0          0          0          0          0          0          0          0          0          0          0          0          0          0          0 IR-PCI-MSIX-0000:05:00.1   20-edge      i40e-enp5s0f1np1-TxRx-19
 155:          0          0          0          0          0          0          0          0          0          0          0          0          0          0          0          0          0          0          0          0          0          0          0          0          0          0          0          0          0          0          0          0 IR-PCI-MSIX-0000:05:00.1   21-edge      i40e-enp5s0f1np1-TxRx-20
 156:          0          0          0          0          0          0          0          0          0          0          0          0          0          0          0          0          0          0          0          0          0          0          0          0          0          0          0          0          0          0          0          0 IR-PCI-MSIX-0000:05:00.1   22-edge      i40e-enp5s0f1np1-TxRx-21
 157:          0          0          0          0          0          0          0          0          0          0          0          0          0          0          0          0          0          0          0          0          0          0          0          0          0          0          0          0          0          0          0          0 IR-PCI-MSIX-0000:05:00.1   23-edge      i40e-enp5s0f1np1-TxRx-22
 158:          0          0          0          0          0          0          0          0          0          0          0          0          0          0          0          0          0          0          0          0          0          0          0          0          0          0          0          0          0          0          0          0 IR-PCI-MSIX-0000:05:00.1   24-edge      i40e-enp5s0f1np1-TxRx-23
 159:          0          0          0          0          0          0          0          0          0          0          0          0          0          0          0          0          0          0          0          0          0          0          0          0          0          0          0          0          0          0          0          0 IR-PCI-MSIX-0000:05:00.1   25-edge      i40e-enp5s0f1np1-TxRx-24
 160:          0          0          0          0          0          0          0          0          0          0          0          0          0          0          0          0          0          0          0          0          0          0          0          0          0          0          0          0          0          0          0          0 IR-PCI-MSIX-0000:05:00.1   26-edge      i40e-enp5s0f1np1-TxRx-25
 161:          0          0          0          0          0          0          0          0          0          0          0          0          0          0          0          0          0          0          0          0          0          0          0          0          0          0          0          0          0          0          0          0 IR-PCI-MSIX-0000:05:00.1   27-edge      i40e-enp5s0f1np1-TxRx-26
 162:          0          0          0          0          0          0          0          0          0          0          0          0          0          0          0          0          0          0          0          0          0          0          0          0          0          0          0          0          0          0          0          0 IR-PCI-MSIX-0000:05:00.1   28-edge      i40e-enp5s0f1np1-TxRx-27
 163:          0          0          0          0          0          0          0          0          0          0          0          0          0          0          0          0          0          0          0          0          0          0          0          0          0          0          0          0          0          0          0          0 IR-PCI-MSIX-0000:05:00.1   29-edge      i40e-enp5s0f1np1-TxRx-28
 164:          0          0          0          0          0          0          0          0          0          0          0          0          0          0          0          0          0          0          0          0          0          0          0          0          0          0          0          0          0          0          0          0 IR-PCI-MSIX-0000:05:00.1   30-edge      i40e-enp5s0f1np1-TxRx-29
 165:          0          0          0          0          0          0          0          0          0          0          0          0          0          0          0          0          0          0          0          0          0          0          0          0          0          0          0          0          0          0          0          0 IR-PCI-MSIX-0000:05:00.1   31-edge      i40e-enp5s0f1np1-TxRx-30
 166:          0          0          0          0          0          0          0          0          0          0          0          0          0          0          0          0          0          0          0          0          0          0          0          0          0          0          0          0          0          0          0          0 IR-PCI-MSIX-0000:05:00.1   32-edge      i40e-enp5s0f1np1-TxRx-31
 167:          0          0          0          0          0          0          0          0          0          0          0          0          0          0          0          0          0          0          0          0          0          0          0          0          0          0          0          0          0          0          0          0 IR-PCI-MSIX-0000:05:00.1   33-edge      i40e-0000:05:00.1:fdir-TxRx-0
 177:          0          0          0          0          0          0          0          0          0          0          0          0          0          0          0          0          0          0          0          0          0          0          0          0          0          0          0          0         86          0          0          0 IR-PCI-MSI-0000:01:00.1    0-edge      snd_hda_intel:card0
 178:          0          0          0          0          0          0          0          0          0          0          0          0          0          0          0          0          0          0          0          0          0          0          0          0          0          0          0          0          0        219          0          0 IR-PCI-MSI-0000:01:00.6    0-edge      snd_hda_intel:card1
 180:          0          0          0          0          0          0          0          0          0          0          0          0          0          0          0          0          0          0          0          0          0          0          0          0          0          0          0          0          0          0    3117600          0 IR-PCI-MSI-0000:06:00.0    0-edge      mt7921e
 181:          0          0          0          0          0          0          0          0          0          0          0          0          0          0          0          0          0          0          0          0          0          0          0          0          0          0          0          0          0          0          0     475830 IR-PCI-MSIX-0000:01:00.0    0-edge      amdgpu
 197:          5          0          0          0          0          0          0          0          0          0          0          0          0          0          0          0          0          0          0          0          0          0          0          0          0          0          0          0          0          0          0          0 IR-PCI-MSIX-0000:03:00.0   16-edge      r8125_rust
 202:          1          0          0          0          0          0          0          0          0          0          0          0          0          0          0          0          0          0          0          0          0          0          0          0          0          0          0          0          0          0          0          0 IR-PCI-MSIX-0000:03:00.0   21-edge      r8125_rust
 NMI:       1039        219        127         62        300         58         40         35        117         32         20         55         18         21         12         16        116         32        432         90        102         43        106        100        111        190         25         26         14         16         28         16   Non-maskable interrupts
 LOC:   39412821    8181811    6020820    2451970   24741749    3107207    1300874    1067596    2164607    2203315    1142496    4490772    1515143    1305701     639201    1171395    5407941    1037358  158951613    3767773    6561543    1460281    3371281    2815513    3000754    4628417    1314980    1458330     797303     988663    1781354     996540   Local timer interrupts
 SPU:          0          0          0          0          0          0          0          0          0          0          0          0          0          0          0          0          0          0          0          0          0          0          0          0          0          0          0          0          0          0          0          0   Spurious interrupts
 PMI:       1039        219        127         62        300         58         40         35        117         32         20         55         18         21         12         16        116         32        432         90        102         43        106        100        111        190         25         26         14         16         28         16   Performance monitoring interrupts
 IWI:        195        209        239        158        185        154         71         31        110        195         89        163         72         85         48         80         70         58         68         23         80         37         19         10         91         84         61         61         44         50         47         19   IRQ work interrupts
 RTR:          0          0          0          0          0          0          0          0          0          0          0          0          0          0          0          0          0          0          0          0          0          0          0          0          0          0          0          0          0          0          0          0   APIC ICR read retries
 RES:     109267     134586     143692     128779     110390     144352     185730     126925      31026      36288      24292      38937      27071      22316      25243      17481      24356      32013      31935      59863      26179      80907     164512     132166      58814      62259      30088      14573      16045       7921      23796      17556   Rescheduling interrupts
 CAL:   16608967   14260841   12158433    7241465   25489366    6808880    4694059    4146817    3655029    4708048    4628234   10008253    2887597    4528644    2058982    3235612    7523111    3522648    3141253   10945139    7121539    3150084    2395399    2256338     887408    1480437    5845653    4379003    2674172    2791814    1952333    1650985   Function call interrupts
 TLB:      11184      11039       9836       7946       9541       7607       5337       4479       6169       7457       6439       8621       6880       6399       4522       3858       4249       3652       6450       5305       4241       3912       4257       3937       4387       5996       5466       4877       4413       3930       4595       4246   TLB shootdowns
 TRM:          0          0          0          0          0          0          0          0          0          0          0          0          0          0          0          0          0          0          0          0          0          0          0          0          0          0          0          0          0          0          0          0   Thermal event interrupts
 THR:          0          0          0          0          0          0          0          0          0          0          0          0          0          0          0          0          0          0          0          0          0          0          0          0          0          0          0          0          0          0          0          0   Threshold APIC interrupts
 DFR:          0          0          0          0          0          0          0          0          0          0          0          0          0          0          0          0          0          0          0          0          0          0          0          0          0          0          0          0          0          0          0          0   Deferred Error APIC interrupts
 MCE:          0          0          0          0          0          0          0          0          0          0          0          0          0          0          0          0          0          0          0          0          0          0          0          0          0          0          0          0          0          0          0          0   Machine check exceptions
 MCP:        554        554        554        554        554        554        554        554        554        554        554        554        554        554        554        554        554        554        554        554        554        554        554        554        554        554        554        554        554        554        554        554   Machine check polls
 ERR:          0
 MIS:          0
 PIN:          0          0          0          0          0          0          0          0          0          0          0          0          0          0          0          0          0          0          0          0          0          0          0          0          0          0          0          0          0          0          0          0   Posted-interrupt notification event
 NPI:          0          0          0          0          0          0          0          0          0          0          0          0          0          0          0          0          0          0          0          0          0          0          0          0          0          0          0          0          0          0          0          0   Nested posted-interrupt event
 PIW:          0          0          0          0          0          0          0          0          0          0          0          0          0          0          0          0          0          0          0          0          0          0          0          0          0          0          0          0          0          0          0          0   Posted-interrupt wakeup event
VPMI:          0          0          0          0          0          0          0          0          0          0          0          0          0          0          0          0          0          0          0          0          0          0          0          0          0          0          0          0          0          0          0          0  Perf Guest Mediated PMI
